0
3
6
1
3
3
2
1
12
3
0
10
4
1
7
5
4
13
6
2
2
7
1
14
8
3
9
9
4
15
10
0
10
11
4
12
12
2
11
13
1
4
14
0
13
15
2
13
16
2
9
17
0
11
18
4
15
19
2
4
20
4
0
21
2
15
22
4
6
23
4
2
24
3
3
25
2
2
26
2
8
27
2
14
28
3
1
29
4
4
30
4
11
31
2
8
32
2
8
33
0
15
34
3
15
35
4
2
36
0
9
37
3
15
38
0
14
39
2
4
40
4
9
41
1
1
42
0
1
43
4
7
44
3
1
45
1
0
46
4
12
47
0
7
48
3
14
49
3
9
50
1
8
51
4
12
52
0
4
53
2
10
54
4
5
55
0
13
56
2
6
57
4
5
58
1
10
59
2
10
60
3
9
61
1
4
62
0
12
63
2
3
64
0
12
65
2
15
66
1
2
67
2
10
68
0
8
69
1
0
70
0
3
71
0
11
72
2
1
73
3
1
74
2
7
75
0
8
76
4
1
77
3
13
78
0
3
79
0
2
80
1
14
81
1
8
82
3
2
83
0
5
84
2
12
85
0
7
86
1
15
87
3
15
88
3
12
89
0
12
90
1
10
91
4
14
92
3
6
93
4
3
94
1
7
95
2
11
96
1
7
97
2
8
98
1
13
99
1
4
100
1
13
101
4
14
102
0
2
103
2
15
104
4
3
105
0
9
106
3
10
107
2
4
108
4
10
109
0
4
110
0
5
111
3
0
112
0
2
113
3
10
114
2
11
115
4
12
116
0
1
117
1
0
118
1
6
119
4
10
120
3
3
121
0
8
122
3
5
123
2
11
124
4
11
125
1
12
126
4
5
127
2
8
128
4
5
129
0
4
130
1
8
131
0
12
132
1
15
133
0
1
134
3
4
135
1
2
136
3
4
137
3
10
138
3
15
139
0
9
140
0
2
141
0
0
142
0
8
143
4
10
144
0
10
145
0
10
146
4
6
147
3
7
148
4
14
149
2
8
150
1
13
151
2
0
152
3
0
153
1
3
154
4
1
155
0
10
156
0
11
157
1
15
158
0
13
159
4
13
160
4
1
161
2
4
162
0
11
163
1
14
164
3
10
165
1
8
166
3
0
167
4
11
168
3
9
169
3
15
170
2
13
171
2
12
172
3
12
173
4
7
174
2
9
175
0
14
176
1
7
177
2
2
178
2
1
179
4
0
180
3
11
181
1
14
182
0
1
183
0
1
184
4
3
185
0
11
186
4
4
187
0
13
188
0
6
189
0
13
190
0
0
191
3
5
192
4
12
193
3
3
194
4
14
195
2
4
196
1
12
197
3
12
198
0
8
199
3
12
200
2
8
201
4
3
202
2
0
203
2
10
204
1
14
205
4
15
206
0
9
207
1
15
208
4
13
209
2
2
210
3
6
211
0
0
212
3
5
213
1
3
214
1
14
215
1
12
216
4
1
217
0
5
218
3
12
219
2
14
220
0
6
221
1
12
222
1
13
223
0
5
224
1
8
225
3
14
226
2
3
227
3
10
228
2
11
229
3
13
230
4
10
231
1
5
232
2
15
233
4
14
234
2
9
235
0
10
236
2
0
237
2
7
238
3
5
239
2
2
240
4
9
241
2
3
242
1
12
243
0
6
244
0
0
245
3
9
246
0
11
247
4
11
248
3
12
249
1
1
250
4
5
251
4
0
252
3
13
253
1
12
254
3
10
255
3
3
256
3
0
257
3
4
258
4
7
259
3
9
260
2
15
261
2
10
262
1
13
263
4
8
264
2
14
265
4
2
266
4
8
267
0
0
268
0
10
269
4
15
270
1
15
271
3
5
272
1
5
273
0
6
274
1
10
275
0
5
276
4
14
277
1
12
278
4
5
279
2
12
280
4
1
281
0
1
282
1
12
283
3
5
284
2
2
285
3
1
286
2
13
287
1
12
288
1
3
289
3
9
290
1
11
291
0
12
292
2
5
293
3
4
294
1
6
295
2
3
296
2
2
297
3
7
298
0
5
299
2
0
300
2
10
301
0
15
302
3
13
303
3
11
304
2
1
305
2
15
306
4
5
307
2
12
308
0
12
309
0
4
310
1
2
311
2
11
312
0
1
313
2
5
314
3
12
315
1
10
316
4
5
317
2
14
318
2
10
319
2
1
320
4
9
321
0
6
322
4
1
323
4
11
324
2
12
325
2
1
326
2
3
327
2
1
328
4
2
329
2
3
330
2
15
331
4
0
332
4
11
333
0
10
334
2
0
335
1
8
336
4
3
337
0
2
338
3
4
339
3
10
340
1
3
341
4
6
342
2
8
343
1
7
344
2
10
345
1
2
346
0
0
347
4
1
348
2
5
349
0
13
350
0
1
351
2
6
352
0
10
353
0
3
354
1
1
355
2
5
356
1
8
357
4
0
358
3
9
359
0
4
360
2
9
361
1
4
362
0
3
363
4
1
364
0
5
365
0
8
366
3
15
367
0
10
368
2
13
369
0
5
370
0
0
371
0
8
372
1
6
373
4
2
374
4
12
375
1
15
376
1
10
377
3
1
378
0
14
379
0
11
380
4
14
381
0
13
382
0
14
383
2
4
384
4
3
385
4
5
386
4
3
387
3
6
388
1
0
389
4
4
390
3
14
391
3
7
392
3
6
393
2
13
394
3
13
395
4
10
396
4
7
397
1
1
398
3
2
399
1
9
400
2
8
401
2
3
402
4
5
403
4
12
404
2
8
405
3
2
406
2
10
407
4
4
408
3
14
409
2
7
410
1
0
411
2
9
412
2
10
413
1
11
414
0
14
415
2
8
416
0
5
417
2
13
418
2
1
419
2
10
420
0
6
421
1
4
422
2
14
423
3
1
424
2
4
425
1
1
426
3
14
427
2
8
428
2
3
429
0
5
430
4
4
431
2
15
432
3
1
433
0
7
434
1
9
435
1
7
436
3
13
437
4
15
438
4
7
439
1
14
440
0
2
441
4
6
442
2
9
443
1
5
444
3
14
445
4
9
446
2
2
447
1
9
448
0
13
449
3
10
450
2
1
451
4
11
452
3
12
453
0
7
454
1
11
455
0
15
456
0
12
457
1
6
458
0
8
459
3
4
460
2
0
461
1
13
462
2
13
463
0
7
464
2
0
465
2
4
466
0
12
467
1
8
468
2
7
469
2
1
470
1
12
471
1
8
472
3
7
473
3
9
474
1
4
475
4
4
476
0
13
477
4
0
478
4
8
479
1
10
480
1
0
481
2
7
482
1
1
483
2
7
484
2
12
485
3
5
486
1
7
487
0
9
488
1
15
489
2
2
490
3
13
491
4
2
492
2
9
493
4
14
494
0
5
495
4
12
496
4
12
497
2
15
498
2
6
499
0
6
500
3
9
501
0
11
502
1
2
503
2
8
504
1
15
505
1
2
506
4
7
507
3
5
508
3
13
509
3
11
510
3
12
511
0
8
512
4
2
513
0
5
514
2
8
515
3
2
516
2
4
517
2
5
518
3
2
519
1
6
520
4
11
521
2
7
522
1
2
523
4
6
524
0
14
525
1
7
526
1
1
527
3
3
528
2
5
529
4
1
530
4
10
531
2
15
532
2
14
533
3
13
534
1
9
535
3
8
536
2
0
537
3
11
538
1
11
539
2
2
540
2
9
541
2
12
542
3
7
543
0
12
544
1
0
545
4
7
546
4
0
547
2
13
548
4
8
549
4
11
550
3
10
551
3
8
552
0
13
553
0
5
554
1
13
555
0
12
556
1
2
557
1
2
558
4
4
559
1
2
560
1
11
561
0
5
562
1
11
563
0
1
564
1
7
565
4
1
566
2
13
567
1
9
568
0
14
569
4
12
570
4
15
571
4
13
572
0
6
573
1
0
574
4
13
575
0
1
576
1
7
577
2
4
578
2
3
579
4
8
580
1
4
581
1
13
582
4
3
583
1
2
584
2
0
585
1
0
586
4
4
587
2
14
588
0
5
589
4
2
590
3
0
591
2
4
592
2
6
593
4
14
594
2
15
595
1
7
596
0
10
597
3
5
598
4
1
599
2
1
600
3
3
601
2
5
602
3
4
603
2
12
604
0
0
605
3
9
606
2
1
607
0
4
608
3
10
609
0
8
610
1
10
611
3
11
612
2
7
613
4
11
614
2
7
615
1
1
616
2
0
617
3
8
618
0
8
619
4
11
620
0
8
621
4
0
622
3
13
623
0
1
624
2
10
625
1
11
626
3
8
627
2
12
628
3
2
629
0
1
630
4
6
631
0
6
632
2
6
633
4
10
634
2
11
635
0
12
636
0
9
637
0
4
638
4
2
639
3
2
640
3
12
641
1
11
642
0
10
643
1
0
644
1
6
645
0
15
646
0
13
647
0
9
648
4
13
649
2
4
650
0
7
651
2
1
652
1
10
653
2
8
654
0
14
655
3
4
656
4
6
657
4
0
658
1
14
659
3
1
660
2
1
661
1
10
662
3
1
663
0
14
664
3
2
665
2
0
666
0
15
667
1
7
668
4
12
669
4
11
670
2
5
671
1
6
672
2
7
673
3
12
674
3
5
675
2
8
676
0
10
677
4
0
678
3
8
679
4
9
680
1
15
681
3
11
682
2
0
683
0
14
684
0
2
685
3
15
686
0
13
687
2
3
688
2
14
689
3
0
690
4
12
691
1
12
692
1
1
693
4
4
694
1
14
695
0
3
696
0
9
697
2
8
698
0
9
699
3
11
700
1
9
701
0
2
702
3
3
703
4
0
704
3
12
705
1
2
706
0
14
707
4
11
708
3
11
709
1
2
710
1
3
711
0
14
712
1
4
713
0
12
714
4
5
715
2
6
716
1
12
717
3
14
718
2
15
719
0
9
720
0
14
721
0
1
722
1
0
723
0
1
724
0
0
725
4
9
726
0
10
727
0
0
728
4
0
729
3
1
730
0
9
731
2
11
732
3
0
733
1
1
734
0
13
735
3
12
736
2
2
737
3
11
738
3
0
739
3
10
740
1
3
741
3
4
742
4
11
743
3
6
744
3
6
745
1
6
746
0
3
747
3
3
748
4
12
749
1
9
750
4
10
751
0
10
752
0
6
753
1
14
754
4
15
755
0
4
756
3
8
757
3
1
758
0
11
759
1
3
760
4
0
761
0
8
762
1
10
763
3
15
764
1
5
765
2
12
766
2
12
767
2
5
768
2
6
769
4
10
770
0
6
771
2
14
772
2
2
773
3
2
774
1
10
775
2
7
776
0
14
777
1
13
778
1
9
779
0
9
780
4
10
781
3
4
782
0
10
783
4
6
784
4
5
785
4
6
786
0
4
787
3
1
788
2
14
789
3
2
790
1
8
791
1
3
792
0
7
793
1
8
794
4
3
795
4
2
796
1
3
797
3
5
798
2
8
799
3
8
800
4
11
801
0
1
802
0
1
803
1
5
804
0
2
805
4
4
806
1
14
807
0
15
808
3
10
809
4
1
810
4
5
811
4
4
812
3
0
813
3
14
814
3
12
815
1
15
816
3
9
817
4
13
818
3
2
819
2
6
820
3
13
821
4
0
822
3
7
823
0
9
824
0
14
825
4
14
826
2
12
827
4
5
828
4
5
829
2
0
830
4
3
831
2
1
832
4
3
833
1
15
834
4
1
835
1
6
836
0
9
837
4
2
838
4
1
839
0
2
840
2
12
841
3
3
842
3
12
843
1
3
844
4
7
845
2
10
846
3
14
847
3
10
848
0
13
849
4
2
850
2
10
851
1
4
852
1
2
853
4
10
854
4
6
855
1
13
856
1
10
857
1
14
858
3
1
859
2
2
860
2
8
861
2
11
862
2
15
863
0
7
864
3
12
865
1
11
866
3
13
867
0
13
868
1
3
869
4
12
870
0
9
871
1
5
872
2
3
873
1
15
874
4
0
875
4
7
876
1
12
877
1
6
878
0
4
879
0
13
880
1
7
881
4
6
882
2
14
883
3
15
884
0
15
885
4
15
886
0
1
887
0
4
888
1
2
889
1
1
890
1
8
891
0
0
892
2
8
893
0
12
894
3
10
895
2
12
896
3
8
897
3
14
898
1
10
899
4
4
900
2
13
901
0
8
902
1
8
903
4
1
904
2
14
905
3
13
906
4
12
907
0
2
908
3
13
909
2
8
910
0
2
911
3
8
912
3
14
913
4
9
914
3
12
915
3
1
916
4
13
917
1
15
918
2
8
919
4
9
920
3
3
921
0
3
922
4
11
923
1
9
924
1
14
925
0
7
926
2
6
927
2
6
928
4
9
929
2
1
930
2
13
931
4
6
932
2
13
933
1
11
934
4
2
935
2
8
936
0
1
937
4
3
938
4
6
939
3
6
940
1
15
941
4
4
942
2
3
943
1
4
944
2
11
945
1
2
946
4
15
947
1
8
948
2
5
949
3
4
950
2
12
951
2
8
952
1
0
953
3
3
954
1
3
955
0
11
956
0
15
957
1
5
958
3
0
959
0
1
960
1
13
961
4
7
962
0
14
963
1
0
964
3
8
965
0
2
966
3
13
967
3
11
968
3
1
969
3
6
970
4
12
971
0
8
972
4
2
973
0
6
974
1
10
975
2
15
976
3
13
977
4
6
978
1
3
979
0
13
980
0
7
981
3
13
982
1
9
983
1
11
984
0
4
985
0
13
986
2
14
987
1
3
988
1
13
989
2
4
990
3
6
991
1
0
992
2
3
993
2
12
994
2
5
995
1
0
996
2
10
997
4
3
998
4
13
999
0
5
1000
1
9
1001
2
1
1002
2
9
1003
0
11
1004
0
3
1005
2
2
1006
0
7
1007
0
9
1008
4
13
1009
1
1
1010
3
7
1011
3
5
1012
0
6
1013
0
12
1014
3
15
1015
0
1
1016
2
1
1017
3
1
1018
2
15
1019
3
5
1020
4
15
1021
0
6
1022
0
11
1023
4
13
1024
1
3
1025
3
2
1026
3
6
1027
2
6
1028
4
12
1029
3
0
1030
2
4
1031
2
11
1032
2
8
1033
4
1
1034
0
5
1035
4
13
1036
0
11
1037
1
8
1038
2
0
1039
0
10
1040
3
13
1041
3
13
1042
4
9
1043
1
6
1044
3
8
1045
1
10
1046
3
15
1047
0
13
1048
2
2
1049
2
1
1050
4
1
1051
3
12
1052
1
5
1053
3
12
1054
4
9
1055
4
0
1056
2
5
1057
4
14
1058
3
4
1059
2
11
1060
3
5
1061
2
5
1062
3
2
1063
1
6
1064
2
6
1065
1
5
1066
4
7
1067
4
9
1068
1
0
1069
3
9
1070
4
3
1071
2
5
1072
0
12
1073
3
3
1074
4
4
1075
2
6
1076
4
12
1077
0
13
1078
4
13
1079
4
9
1080
4
6
1081
3
10
1082
0
0
1083
2
7
1084
3
15
1085
2
8
1086
4
1
1087
0
7
1088
1
0
1089
1
12
1090
3
13
1091
3
10
1092
0
9
1093
3
11
1094
0
7
1095
0
12
1096
0
15
1097
3
4
1098
1
1
1099
1
12
1100
0
0
1101
3
12
1102
2
10
1103
0
1
1104
3
3
1105
1
1
1106
3
13
1107
1
8
1108
0
2
1109
4
14
1110
1
13
1111
4
8
1112
4
13
1113
4
5
1114
3
7
1115
4
4
1116
3
5
1117
1
4
1118
0
8
1119
2
10
1120
3
13
1121
2
6
1122
1
11
1123
2
3
1124
0
5
1125
0
3
1126
4
5
1127
3
1
1128
3
3
1129
2
13
1130
3
9
1131
4
1
1132
1
10
1133
0
13
1134
1
5
1135
0
10
1136
0
2
1137
2
1
1138
1
9
1139
2
5
1140
2
13
1141
0
11
1142
0
15
1143
0
5
1144
3
9
1145
1
11
1146
2
14
1147
2
6
1148
1
3
1149
0
11
1150
1
8
1151
0
1
1152
3
14
1153
1
0
1154
1
9
1155
3
3
1156
0
6
1157
3
0
1158
0
15
1159
3
12
1160
4
2
1161
3
10
1162
2
11
1163
1
13
1164
4
11
1165
3
14
1166
0
3
1167
4
15
1168
4
14
1169
0
13
1170
4
15
1171
1
8
1172
2
15
1173
2
8
1174
2
10
1175
3
5
1176
3
10
1177
3
2
1178
2
9
1179
3
13
1180
4
2
1181
4
5
1182
1
2
1183
4
6
1184
3
12
1185
3
10
1186
1
0
1187
2
11
1188
0
2
1189
3
11
1190
0
1
1191
1
3
1192
3
6
1193
3
9
1194
3
14
1195
3
9
1196
1
7
1197
3
0
1198
3
6
1199
0
4
1200
0
14
1201
1
3
1202
0
4
1203
1
5
1204
0
5
1205
1
1
1206
1
7
1207
0
2
1208
0
5
1209
4
7
1210
1
14
1211
2
6
1212
2
12
1213
4
5
1214
4
11
1215
1
7
1216
2
9
1217
2
6
1218
2
9
1219
3
7
1220
1
8
1221
1
9
1222
0
10
1223
0
15
1224
3
9
1225
2
3
1226
3
6
1227
3
15
1228
2
15
1229
0
0
1230
0
14
1231
1
6
1232
2
6
1233
0
13
1234
4
0
1235
2
9
1236
3
2
1237
3
0
1238
2
0
1239
4
5
1240
3
11
1241
2
12
1242
1
0
1243
2
13
1244
4
4
1245
2
9
1246
1
6
1247
2
7
1248
0
15
1249
2
3
1250
2
0
1251
2
1
1252
1
0
1253
4
10
1254
0
7
1255
4
5
1256
1
6
1257
3
15
1258
3
10
1259
3
5
1260
2
13
1261
3
8
1262
1
14
1263
2
14
1264
0
7
1265
0
2
1266
1
13
1267
1
13
1268
0
4
1269
0
3
1270
4
15
1271
0
4
1272
1
9
1273
3
9
1274
2
8
1275
0
5
1276
2
11
1277
2
10
1278
4
8
1279
2
13
1280
0
6
1281
0
15
1282
1
11
1283
2
2
1284
0
2
1285
2
5
1286
2
14
1287
1
6
1288
2
14
1289
3
13
1290
4
5
1291
3
2
1292
2
8
1293
0
6
1294
0
7
1295
4
7
1296
4
1
1297
1
4
1298
4
11
1299
3
0
1300
1
14
1301
4
1
1302
1
8
1303
0
5
1304
4
3
1305
2
2
1306
2
14
1307
1
10
1308
4
8
1309
1
4
1310
1
12
1311
0
15
1312
1
13
1313
3
12
1314
2
14
1315
3
12
1316
1
5
1317
0
9
1318
0
14
1319
1
7
1320
2
13
1321
0
9
1322
1
2
1323
4
9
1324
4
4
1325
0
6
1326
1
15
1327
3
10
1328
3
4
1329
1
12
1330
0
2
1331
1
6
1332
0
6
1333
3
3
1334
3
11
1335
2
0
1336
4
3
1337
3
2
1338
0
15
1339
0
10
1340
2
7
1341
3
13
1342
0
1
1343
3
13
1344
2
15
1345
4
6
1346
3
4
1347
0
14
1348
4
0
1349
1
3
1350
1
14
1351
2
15
1352
1
12
1353
2
1
1354
4
4
1355
2
13
1356
3
5
1357
0
9
1358
1
4
1359
0
13
1360
4
3
1361
4
4
1362
4
1
1363
2
8
1364
3
14
1365
3
11
1366
3
5
1367
4
6
1368
3
5
1369
3
6
1370
4
3
1371
1
0
1372
2
11
1373
4
14
1374
3
0
1375
1
13
1376
4
8
1377
2
2
1378
1
15
1379
4
6
1380
3
10
1381
2
8
1382
0
4
1383
2
2
1384
4
7
1385
4
7
1386
1
4
1387
4
3
1388
0
0
1389
4
1
1390
2
4
1391
3
13
1392
1
6
1393
2
3
1394
1
13
1395
2
10
1396
4
3
1397
1
4
1398
2
6
1399
1
0
1400
2
2
1401
1
11
1402
0
5
1403
2
8
1404
0
10
1405
4
0
1406
1
0
1407
3
8
1408
3
3
1409
3
14
1410
1
15
1411
0
1
1412
1
8
1413
2
11
1414
2
13
1415
3
14
1416
0
10
1417
3
7
1418
0
9
1419
0
3
1420
4
12
1421
3
15
1422
2
5
1423
2
11
1424
4
5
1425
3
10
1426
4
0
1427
0
14
1428
2
7
1429
4
8
1430
2
7
1431
2
2
1432
3
3
1433
3
14
1434
0
8
1435
2
12
1436
2
10
1437
3
0
1438
2
9
1439
4
10
1440
0
14
1441
4
3
1442
2
1
1443
0
1
1444
3
8
1445
4
1
1446
0
6
1447
2
10
1448
4
9
1449
2
5
1450
3
1
1451
3
11
1452
2
1
1453
1
6
1454
0
2
1455
3
9
1456
3
1
1457
1
6
1458
4
5
1459
4
15
1460
2
3
1461
0
6
1462
0
9
1463
2
14
1464
3
1
1465
3
3
1466
4
11
1467
3
14
1468
4
10
1469
4
2
1470
2
15
1471
1
3
1472
2
0
1473
2
9
1474
1
5
1475
2
0
1476
0
5
1477
0
8
1478
2
2
1479
3
11
1480
4
7
1481
4
9
1482
3
13
1483
0
12
1484
3
7
1485
0
2
1486
2
8
1487
3
11
1488
1
10
1489
2
15
1490
1
9
1491
1
9
1492
0
5
1493
1
8
1494
0
3
1495
1
8
1496
3
10
1497
4
8
1498
0
6
1499
2
13
1500
1
9
1501
2
6
1502
1
9
1503
2
15
1504
0
15
1505
4
1
1506
4
1
1507
1
11
1508
4
1
1509
0
0
1510
3
3
1511
0
11
1512
4
3
1513
3
13
1514
3
2
1515
0
7
1516
2
0
1517
2
0
1518
3
7
1519
3
2
1520
3
4
1521
1
14
1522
2
4
1523
4
14
1524
4
6
1525
2
11
1526
3
2
1527
1
3
1528
1
2
1529
1
1
1530
2
10
1531
2
9
1532
3
7
1533
0
2
1534
1
0
1535
1
11
1536
4
2
1537
1
4
1538
4
15
1539
0
14
1540
1
2
1541
2
5
1542
4
3
1543
4
11
1544
1
13
1545
3
10
1546
4
2
1547
2
13
1548
1
1
1549
0
2
1550
2
1
1551
4
8
1552
2
0
1553
0
15
1554
2
14
1555
4
7
1556
2
7
1557
4
10
1558
0
10
1559
3
10
1560
4
11
1561
1
1
1562
2
11
1563
3
6
1564
2
4
1565
0
7
1566
0
7
1567
2
10
1568
0
7
1569
3
13
1570
3
2
1571
0
9
1572
3
1
1573
1
3
1574
1
8
1575
0
2
1576
1
0
1577
4
4
1578
1
3
1579
1
8
1580
4
15
1581
2
7
1582
0
11
1583
1
13
1584
1
7
1585
1
9
1586
2
14
1587
1
14
1588
0
11
1589
2
11
1590
0
4
1591
2
0
1592
2
7
1593
3
10
1594
1
12
1595
4
15
1596
2
15
1597
0
5
1598
1
2
1599
0
12
1600
2
14
1601
3
5
1602
2
5
1603
1
11
1604
2
6
1605
1
7
1606
3
14
1607
4
2
1608
3
0
1609
1
7
1610
4
12
1611
4
7
1612
3
15
1613
1
0
1614
1
2
1615
3
12
1616
2
11
1617
0
12
1618
3
8
1619
0
9
1620
0
1
1621
1
14
1622
2
0
1623
2
14
1624
2
11
1625
3
13
1626
2
2
1627
4
12
1628
0
6
1629
0
4
1630
0
2
1631
0
0
1632
1
13
1633
1
5
1634
3
4
1635
2
4
1636
4
13
1637
3
8
1638
4
8
1639
4
13
1640
0
3
1641
3
7
1642
0
3
1643
1
12
1644
0
2
1645
2
9
1646
2
13
1647
3
13
1648
3
5
1649
4
1
1650
3
6
1651
3
14
1652
0
14
1653
0
5
1654
4
3
1655
0
12
1656
3
10
1657
4
9
1658
2
10
1659
2
3
1660
2
9
1661
4
5
1662
2
6
1663
4
5
1664
4
7
1665
0
5
1666
2
5
1667
4
11
1668
3
2
1669
2
5
1670
3
13
1671
2
8
1672
4
14
1673
3
10
1674
4
0
1675
4
15
1676
4
13
1677
0
5
1678
0
15
1679
3
11
1680
4
11
1681
0
10
1682
1
2
1683
0
1
1684
3
3
1685
2
2
1686
0
0
1687
0
2
1688
2
5
1689
4
13
1690
4
9
1691
3
6
1692
2
3
1693
4
0
1694
2
8
1695
4
3
1696
1
10
1697
2
6
1698
2
11
1699
0
4
1700
0
9
1701
0
14
1702
0
2
1703
0
13
1704
1
2
1705
3
12
1706
3
9
1707
0
7
1708
1
8
1709
4
4
1710
2
1
1711
3
15
1712
1
14
1713
1
4
1714
2
7
1715
1
5
1716
0
6
1717
4
2
1718
3
12
1719
4
14
1720
3
15
1721
3
3
1722
3
12
1723
4
15
1724
0
1
1725
1
4
1726
2
11
1727
2
13
1728
3
8
1729
1
6
1730
0
4
1731
2
4
1732
2
9
1733
4
5
1734
1
2
1735
1
10
1736
3
7
1737
4
3
1738
0
6
1739
0
9
1740
1
12
1741
0
12
1742
0
6
1743
4
8
1744
3
0
1745
3
10
1746
3
0
1747
2
8
1748
0
11
1749
0
2
1750
1
5
1751
4
11
1752
3
3
1753
3
13
1754
0
9
1755
3
0
1756
0
5
1757
1
1
1758
2
8
1759
3
7
1760
0
2
1761
4
10
1762
1
13
1763
4
13
1764
1
15
1765
4
9
1766
0
10
1767
3
1
1768
0
13
1769
1
3
1770
1
6
1771
2
2
1772
4
5
1773
3
15
1774
1
1
1775
4
15
1776
2
15
1777
3
10
1778
0
15
1779
0
1
1780
1
8
1781
4
15
1782
3
4
1783
2
11
1784
2
14
1785
3
9
1786
0
11
1787
1
12
1788
3
8
1789
1
3
1790
2
14
1791
2
3
1792
1
8
1793
0
14
1794
4
7
1795
3
5
1796
1
2
1797
0
10
1798
1
4
1799
2
2
1800
3
13
1801
3
14
1802
2
7
1803
4
4
1804
4
3
1805
0
6
1806
2
14
1807
4
0
1808
2
9
1809
1
8
1810
0
14
1811
4
9
1812
1
9
1813
1
15
1814
2
12
1815
1
7
1816
3
9
1817
0
4
1818
2
7
1819
2
14
1820
1
14
1821
3
7
1822
2
6
1823
4
8
1824
2
7
1825
0
3
1826
0
8
1827
0
12
1828
1
15
1829
2
10
1830
3
1
1831
0
13
1832
1
7
1833
0
10
1834
1
5
1835
2
15
1836
2
14
1837
1
10
1838
1
9
1839
1
2
1840
4
10
1841
3
3
1842
1
4
1843
4
0
1844
4
4
1845
4
3
1846
4
7
1847
2
10
1848
1
11
1849
1
5
1850
1
0
1851
4
9
1852
0
6
1853
1
15
1854
1
5
1855
2
1
1856
4
11
1857
2
0
1858
2
8
1859
0
14
1860
1
14
1861
1
6
1862
2
2
1863
1
0
1864
3
4
1865
0
14
1866
2
6
1867
2
3
1868
2
7
1869
3
15
1870
0
14
1871
1
5
1872
0
10
1873
1
14
1874
1
10
1875
1
11
1876
3
12
1877
0
3
1878
0
9
1879
2
8
1880
3
11
1881
1
10
1882
0
6
1883
3
1
1884
4
0
1885
1
12
1886
1
14
1887
4
14
1888
1
10
1889
1
4
1890
2
9
1891
3
8
1892
3
1
1893
4
5
1894
2
14
1895
4
11
1896
2
3
1897
0
12
1898
3
12
1899
2
10
1900
2
2
1901
4
6
1902
0
8
1903
4
4
1904
1
14
1905
3
6
1906
1
13
1907
4
1
1908
2
0
1909
2
2
1910
3
3
1911
4
14
1912
3
15
1913
0
5
1914
0
2
1915
2
5
1916
2
12
1917
0
5
1918
3
5
1919
1
9
1920
4
4
1921
3
7
1922
3
9
1923
4
3
1924
3
7
1925
2
6
1926
4
7
1927
0
1
1928
2
2
1929
3
1
1930
4
8
1931
2
7
1932
2
10
1933
1
8
1934
3
9
1935
0
12
1936
2
12
1937
4
15
1938
3
9
1939
3
8
1940
3
15
1941
4
4
1942
3
8
1943
3
9
1944
3
12
1945
4
4
1946
3
9
1947
4
2
1948
0
4
1949
2
14
1950
2
12
1951
4
10
1952
4
10
1953
3
4
1954
3
6
1955
4
1
1956
3
1
1957
4
2
1958
3
2
1959
1
0
1960
3
8
1961
0
2
1962
0
9
1963
4
7
1964
4
14
1965
0
9
1966
4
4
1967
0
10
1968
3
1
1969
1
3
1970
3
8
1971
2
8
1972
4
6
1973
3
11
1974
3
15
1975
4
2
1976
3
14
1977
0
1
1978
0
9
1979
1
13
1980
1
2
1981
2
8
1982
3
3
1983
3
3
1984
2
13
1985
1
12
1986
2
2
1987
3
7
1988
1
3
1989
3
5
1990
0
7
1991
3
7
1992
0
0
1993
3
1
1994
3
5
1995
4
13
1996
1
3
1997
4
0
1998
0
1
1999
2
7
2000
4
12
2001
1
11
2002
4
3
2003
1
6
2004
1
10
2005
0
3
2006
2
8
2007
0
13
2008
3
0
2009
1
2
2010
3
3
2011
3
15
2012
3
2
2013
3
4
2014
4
11
2015
1
1
2016
3
15
2017
2
3
2018
0
15
2019
3
1
2020
2
4
2021
0
6
2022
3
15
2023
2
1
2024
4
5
2025
1
7
2026
0
13
2027
3
2
2028
0
7
2029
3
14
2030
1
15
2031
4
2
2032
1
4
2033
2
1
2034
2
7
2035
0
11
2036
4
4
2037
1
8
2038
2
15
2039
0
9
2040
1
1
2041
3
0
2042
4
14
2043
2
4
2044
1
6
2045
3
11
2046
0
2
2047
2
5
2048
2
1
2049
2
13
2050
1
2
2051
4
0
2052
3
4
2053
0
13
2054
1
1
2055
3
9
2056
1
8
2057
2
7
2058
2
11
2059
2
0
2060
4
1
2061
1
0
2062
4
3
2063
0
5
2064
2
7
2065
3
0
2066
2
14
2067
0
9
2068
0
6
2069
3
14
2070
0
2
2071
3
5
2072
2
10
2073
3
14
2074
1
6
2075
3
0
2076
0
11
2077
0
8
2078
2
12
2079
0
9
2080
1
14
2081
2
11
2082
0
8
2083
1
11
2084
1
13
2085
3
11
2086
0
3
2087
2
6
2088
4
15
2089
4
14
2090
1
10
2091
1
8
2092
1
14
2093
3
5
2094
0
9
2095
0
9
2096
1
12
2097
4
15
2098
2
1
2099
1
15
2100
0
14
2101
2
7
2102
2
10
2103
0
14
2104
0
12
2105
4
12
2106
0
7
2107
4
12
2108
4
2
2109
1
14
2110
1
12
2111
2
3
2112
0
7
2113
1
12
2114
2
8
2115
3
5
2116
1
3
2117
0
3
2118
3
6
2119
4
12
2120
4
14
2121
1
1
2122
3
6
2123
3
13
2124
4
4
2125
0
15
2126
3
10
2127
4
1
2128
0
10
2129
1
13
2130
3
12
2131
1
13
2132
3
7
2133
4
14
2134
0
8
2135
1
0
2136
1
13
2137
0
13
2138
2
5
2139
2
0
2140
0
8
2141
4
14
2142
1
10
2143
1
1
2144
3
5
2145
0
9
2146
0
15
2147
0
14
2148
0
5
2149
2
2
2150
2
4
2151
1
5
2152
2
15
2153
1
4
2154
3
5
2155
1
0
2156
1
0
2157
0
0
2158
2
6
2159
4
5
2160
0
7
2161
1
12
2162
2
1
2163
1
7
2164
1
2
2165
2
2
2166
2
7
2167
4
8
2168
2
1
2169
1
3
2170
4
5
2171
3
15
2172
1
3
2173
0
14
2174
1
12
2175
0
6
2176
1
7
2177
1
5
2178
2
8
2179
2
1
2180
4
15
2181
2
4
2182
1
10
2183
3
0
2184
3
9
2185
1
8
2186
2
1
2187
1
1
2188
1
6
2189
0
0
2190
2
0
2191
1
8
2192
4
6
2193
4
15
2194
3
14
2195
0
11
2196
1
7
2197
3
5
2198
3
13
2199
2
8
2200
1
14
2201
3
14
2202
0
4
2203
2
3
2204
2
6
2205
1
14
2206
3
13
2207
3
4
2208
2
7
2209
0
1
2210
1
14
2211
2
15
2212
0
11
2213
1
0
2214
3
13
2215
1
8
2216
0
6
2217
3
8
2218
3
11
2219
3
0
2220
0
2
2221
2
2
2222
2
10
2223
2
11
2224
1
4
2225
4
8
2226
0
11
2227
1
9
2228
3
6
2229
1
3
2230
4
6
2231
3
1
2232
4
11
2233
0
14
2234
0
6
2235
4
11
2236
3
7
2237
4
9
2238
3
12
2239
4
1
2240
2
0
2241
0
7
2242
1
5
2243
2
12
2244
2
0
2245
1
10
2246
2
10
2247
2
13
2248
4
0
2249
1
3
2250
1
4
2251
4
12
2252
0
12
2253
1
9
2254
4
10
2255
2
14
2256
0
9
2257
1
13
2258
4
6
2259
2
1
2260
3
9
2261
4
11
2262
2
8
2263
2
9
2264
3
0
2265
3
6
2266
1
2
2267
3
2
2268
0
6
2269
4
0
2270
3
6
2271
1
0
2272
2
0
2273
4
5
2274
1
1
2275
4
8
2276
2
6
2277
3
9
2278
0
0
2279
1
9
2280
1
3
2281
4
6
2282
4
12
2283
3
8
2284
0
5
2285
2
12
2286
3
3
2287
1
0
2288
3
0
2289
2
10
2290
4
8
2291
2
8
2292
4
2
2293
4
6
2294
2
4
2295
1
7
2296
0
4
2297
3
0
2298
3
2
2299
2
8
2300
0
11
2301
2
11
2302
3
3
2303
0
8
2304
4
9
2305
2
0
2306
4
11
2307
3
6
2308
0
15
2309
2
1
2310
3
7
2311
1
6
2312
2
0
2313
1
15
2314
3
4
2315
2
1
2316
1
11
2317
0
7
2318
2
3
2319
1
1
2320
1
14
2321
2
4
2322
2
5
2323
4
0
2324
2
9
2325
4
12
2326
4
15
2327
1
11
2328
1
15
2329
3
1
2330
0
11
2331
2
8
2332
2
5
2333
1
0
2334
1
10
2335
1
1
2336
4
3
2337
2
12
2338
3
6
2339
2
11
2340
1
12
2341
3
11
2342
1
13
2343
2
13
2344
2
11
2345
4
8
2346
4
1
2347
3
8
2348
1
1
2349
1
11
2350
3
7
2351
4
12
2352
1
8
2353
1
0
2354
1
14
2355
1
0
2356
1
11
2357
1
3
2358
3
9
2359
1
0
2360
0
8
2361
3
0
2362
3
15
2363
1
1
2364
0
15
2365
4
4
2366
2
3
2367
4
10
2368
2
11
2369
1
12
2370
1
2
2371
2
2
2372
3
11
2373
3
0
2374
0
2
2375
3
13
2376
2
4
2377
2
12
2378
2
4
2379
3
3
2380
4
1
2381
0
10
2382
3
5
2383
1
5
2384
4
15
2385
1
12
2386
3
2
2387
4
4
2388
4
13
2389
1
13
2390
1
2
2391
3
10
2392
1
6
2393
0
10
2394
3
7
2395
0
8
2396
3
2
2397
2
11
2398
2
3
2399
4
2
2400
3
15
2401
1
13
2402
3
7
2403
3
13
2404
2
14
2405
0
6
2406
1
12
2407
1
15
2408
3
7
2409
0
4
2410
2
15
2411
0
8
2412
1
11
2413
1
8
2414
2
8
2415
4
4
2416
4
10
2417
4
2
2418
4
9
2419
4
4
2420
3
11
2421
3
11
2422
1
15
2423
4
4
2424
2
8
2425
3
6
2426
0
11
2427
0
11
2428
2
5
2429
2
7
2430
2
10
2431
2
10
2432
0
6
2433
2
4
2434
0
10
2435
0
10
2436
3
3
2437
2
6
2438
2
2
2439
3
0
2440
4
10
2441
1
0
2442
0
7
2443
0
8
2444
2
0
2445
2
15
2446
0
5
2447
2
1
2448
4
14
2449
0
0
2450
2
15
2451
1
13
2452
0
1
2453
4
0
2454
1
6
2455
1
4
2456
3
11
2457
4
11
2458
2
11
2459
2
5
2460
1
2
2461
3
12
2462
2
12
2463
4
14
2464
1
7
2465
3
3
2466
0
9
2467
2
10
2468
4
0
2469
3
4
2470
4
8
2471
2
5
2472
3
0
2473
3
5
2474
3
11
2475
4
9
2476
0
3
2477
2
8
2478
3
6
2479
0
7
2480
3
4
2481
1
7
2482
4
7
2483
4
6
2484
0
8
2485
3
14
2486
2
12
2487
2
14
2488
2
10
2489
0
8
2490
0
15
2491
0
9
2492
4
12
2493
1
0
2494
3
15
2495
4
15
2496
1
10
2497
2
0
2498
3
11
2499
0
6
2500
3
2
2501
4
12
2502
2
3
2503
3
1
2504
4
13
2505
4
7
2506
0
3
2507
4
9
2508
1
1
2509
2
14
2510
3
15
2511
4
8
2512
4
0
2513
3
1
2514
4
11
2515
3
6
2516
3
3
2517
1
10
2518
1
4
2519
3
9
2520
4
7
2521
4
4
2522
3
4
2523
1
15
2524
0
12
2525
1
11
2526
3
4
2527
0
9
2528
4
0
2529
3
6
2530
0
3
2531
1
10
2532
4
2
2533
0
14
2534
3
6
2535
3
7
2536
0
14
2537
0
5
2538
3
2
2539
2
15
2540
4
12
2541
0
8
2542
1
5
2543
3
3
2544
1
7
2545
4
4
2546
0
0
2547
4
10
2548
3
6
2549
2
13
2550
0
1
2551
2
11
2552
1
13
2553
2
11
2554
4
6
2555
2
2
2556
1
5
2557
4
13
2558
4
7
2559
4
10
2560
0
10
2561
4
14
2562
4
10
2563
4
3
2564
0
11
2565
3
5
2566
2
1
2567
1
11
2568
1
5
2569
1
14
2570
2
13
2571
4
15
2572
4
8
2573
0
6
2574
3
10
2575
2
3
2576
1
4
2577
3
1
2578
3
10
2579
2
0
2580
2
1
2581
4
4
2582
3
2
2583
3
8
2584
2
9
2585
2
5
2586
3
6
2587
2
5
2588
0
2
2589
0
8
2590
2
7
2591
0
4
2592
4
2
2593
0
1
2594
2
14
2595
4
15
2596
0
4
2597
0
10
2598
1
13
2599
4
4
2600
0
13
2601
0
6
2602
3
8
2603
4
10
2604
3
1
2605
3
4
2606
0
8
2607
2
15
2608
1
10
2609
3
2
2610
2
10
2611
3
10
2612
0
4
2613
0
14
2614
3
7
2615
4
13
2616
4
8
2617
2
5
2618
0
9
2619
3
6
2620
1
6
2621
1
3
2622
3
1
2623
2
9
2624
3
7
2625
4
0
2626
2
11
2627
1
4
2628
4
8
2629
3
12
2630
3
6
2631
1
2
2632
4
9
2633
4
12
2634
1
8
2635
3
6
2636
2
2
2637
1
7
2638
3
5
2639
3
5
2640
0
6
2641
1
2
2642
4
6
2643
0
4
2644
1
2
2645
2
9
2646
0
10
2647
1
15
2648
3
11
2649
1
5
2650
0
8
2651
1
6
2652
4
10
2653
1
1
2654
3
1
2655
4
0
2656
0
10
2657
4
6
2658
3
8
2659
3
11
2660
3
1
2661
2
5
2662
3
15
2663
2
14
2664
1
7
2665
2
13
2666
0
13
2667
3
0
2668
3
14
2669
1
9
2670
1
14
2671
4
3
2672
0
9
2673
3
6
2674
1
6
2675
1
8
2676
0
14
2677
1
1
2678
0
15
2679
3
0
2680
4
3
2681
0
6
2682
2
3
2683
2
13
2684
3
0
2685
2
2
2686
0
1
2687
0
15
2688
3
10
2689
3
1
2690
3
2
2691
1
10
2692
2
8
2693
0
14
2694
4
9
2695
3
10
2696
0
6
2697
2
10
2698
4
4
2699
1
6
2700
1
14
2701
0
9
2702
1
11
2703
0
6
2704
0
15
2705
0
5
2706
2
11
2707
0
11
2708
2
13
2709
2
0
2710
3
3
2711
0
2
2712
0
2
2713
0
9
2714
0
12
2715
0
14
2716
1
8
2717
1
9
2718
3
13
2719
3
1
2720
2
4
2721
2
2
2722
2
8
2723
1
2
2724
1
8
2725
1
13
2726
2
8
2727
2
7
2728
2
14
2729
2
7
2730
2
14
2731
2
12
2732
1
11
2733
1
13
2734
2
12
2735
0
4
2736
2
6
2737
4
15
2738
3
5
2739
1
12
2740
1
13
2741
1
10
2742
2
10
2743
2
4
2744
4
3
2745
4
11
2746
0
12
2747
2
3
2748
2
8
2749
0
3
2750
3
11
2751
2
6
2752
2
7
2753
0
15
2754
4
0
2755
3
11
2756
0
2
2757
4
10
2758
2
0
2759
1
2
2760
4
14
2761
0
14
2762
2
0
2763
2
5
2764
2
12
2765
2
14
2766
1
4
2767
4
2
2768
0
0
2769
1
12
2770
0
12
2771
4
6
2772
0
3
2773
2
5
2774
1
6
2775
3
6
2776
0
2
2777
0
14
2778
2
3
2779
0
9
2780
1
7
2781
1
4
2782
3
15
2783
0
12
2784
4
5
2785
1
14
2786
0
8
2787
1
11
2788
4
3
2789
1
4
2790
3
7
2791
1
4
2792
0
8
2793
4
2
2794
1
2
2795
2
3
2796
3
6
2797
4
5
2798
4
11
2799
4
3
2800
4
7
2801
0
4
2802
4
0
2803
3
2
2804
4
5
2805
3
8
2806
3
11
2807
4
3
2808
1
2
2809
3
11
2810
4
0
2811
2
4
2812
1
14
2813
4
14
2814
2
1
2815
0
6
2816
3
0
2817
0
0
2818
3
15
2819
1
10
2820
4
4
2821
0
2
2822
1
9
2823
0
8
2824
4
5
2825
0
12
2826
1
8
2827
1
13
2828
1
14
2829
2
14
2830
1
14
2831
1
1
2832
3
9
2833
4
1
2834
0
1
2835
4
4
2836
0
11
2837
1
14
2838
0
2
2839
0
6
2840
3
15
2841
1
7
2842
4
12
2843
0
0
2844
3
1
2845
3
1
2846
0
6
2847
0
3
2848
2
7
2849
3
9
2850
2
15
2851
4
14
2852
1
11
2853
0
10
2854
2
12
2855
1
8
2856
4
12
2857
2
5
2858
4
0
2859
2
10
2860
4
11
2861
3
0
2862
3
5
2863
3
7
2864
1
14
2865
0
3
2866
4
12
2867
3
1
2868
1
1
2869
2
8
2870
0
10
2871
4
5
2872
4
12
2873
0
6
2874
4
13
2875
4
9
2876
3
14
2877
3
15
2878
4
14
2879
1
6
2880
3
15
2881
0
7
2882
1
6
2883
4
11
2884
1
0
2885
1
12
2886
4
5
2887
4
15
2888
4
6
2889
0
4
2890
1
14
2891
2
5
2892
1
7
2893
0
11
2894
3
4
2895
3
2
2896
4
6
2897
1
11
2898
3
6
2899
0
14
2900
4
6
2901
3
4
2902
3
4
2903
1
5
2904
3
14
2905
2
6
2906
0
8
2907
3
5
2908
1
2
2909
2
10
2910
4
14
2911
1
14
2912
2
11
2913
2
0
2914
1
4
2915
2
12
2916
1
8
2917
0
11
2918
0
3
2919
2
3
2920
2
10
2921
2
7
2922
0
11
2923
0
0
2924
4
4
2925
4
14
2926
4
4
2927
3
0
2928
3
4
2929
3
3
2930
2
2
2931
4
2
2932
1
15
2933
3
14
2934
2
3
2935
3
0
2936
3
4
2937
2
3
2938
1
8
2939
3
13
2940
0
15
2941
2
10
2942
0
4
2943
1
1
2944
1
3
2945
4
13
2946
0
3
2947
0
3
2948
1
10
2949
3
13
2950
3
15
2951
2
6
2952
4
9
2953
0
3
2954
2
1
2955
2
8
2956
4
4
2957
3
7
2958
4
15
2959
2
11
2960
2
11
2961
2
15
2962
0
3
2963
3
3
2964
0
15
2965
0
12
2966
2
1
2967
0
12
2968
2
2
2969
2
14
2970
2
15
2971
1
5
2972
1
12
2973
4
11
2974
1
13
2975
1
4
2976
3
3
2977
4
0
2978
0
2
2979
2
0
2980
1
0
2981
4
12
2982
0
0
2983
2
3
2984
2
14
2985
1
2
2986
3
14
2987
1
11
2988
4
14
2989
1
13
2990
3
12
2991
1
5
2992
4
7
2993
2
9
2994
4
0
2995
3
14
2996
0
2
2997
4
5
2998
1
0
2999
3
11
3000
1
14
3001
2
1
3002
4
13
3003
1
15
3004
3
12
3005
2
9
3006
2
13
3007
1
3
3008
1
12
3009
2
10
3010
4
5
3011
4
0
3012
4
8
3013
0
1
3014
4
5
3015
1
1
3016
1
6
3017
2
3
3018
1
8
3019
1
15
3020
0
12
3021
1
5
3022
0
3
3023
2
10
3024
4
4
3025
1
11
3026
0
6
3027
2
2
3028
2
15
3029
1
7
3030
0
14
3031
4
13
3032
4
1
3033
4
13
3034
1
0
3035
3
10
3036
0
15
3037
4
3
3038
2
14
3039
1
3
3040
2
13
3041
4
14
3042
3
14
3043
1
15
3044
3
1
3045
3
3
3046
3
10
3047
2
1
3048
4
13
3049
3
6
3050
1
7
3051
3
10
3052
1
6
3053
3
4
3054
1
2
3055
1
14
3056
2
0
3057
0
12
3058
4
10
3059
4
4
3060
1
0
3061
1
1
3062
2
12
3063
3
12
3064
0
4
3065
1
11
3066
2
10
3067
1
13
3068
3
2
3069
4
5
3070
2
0
3071
1
13
3072
1
0
3073
1
9
3074
0
14
3075
3
5
3076
0
5
3077
3
15
3078
1
13
3079
4
12
3080
3
10
3081
2
5
3082
3
13
3083
0
6
3084
4
7
3085
4
6
3086
1
5
3087
1
8
3088
0
7
3089
3
3
3090
4
11
3091
1
2
3092
3
2
3093
0
1
3094
3
11
3095
4
15
3096
4
14
3097
4
11
3098
1
12
3099
4
5
3100
3
14
3101
2
9
3102
1
4
3103
1
11
3104
2
10
3105
2
5
3106
3
2
3107
4
0
3108
3
6
3109
4
15
3110
2
5
3111
4
7
3112
1
13
3113
3
7
3114
2
5
3115
0
7
3116
1
5
3117
0
13
3118
4
6
3119
0
13
3120
1
6
3121
3
2
3122
0
7
3123
2
5
3124
3
7
3125
3
13
3126
0
2
3127
2
7
3128
1
12
3129
3
5
3130
4
11
3131
2
4
3132
0
14
3133
0
5
3134
4
5
3135
1
13
3136
3
14
3137
4
6
3138
4
11
3139
1
10
3140
1
3
3141
2
4
3142
2
4
3143
1
5
3144
1
10
3145
1
3
3146
2
9
3147
2
15
3148
4
6
3149
1
8
3150
4
12
3151
4
3
3152
1
11
3153
3
13
3154
4
7
3155
0
10
3156
2
1
3157
4
1
3158
4
5
3159
0
2
3160
1
6
3161
0
6
3162
1
0
3163
3
4
3164
1
1
3165
3
10
3166
4
0
3167
3
0
3168
2
7
3169
2
7
3170
4
8
3171
3
3
3172
1
1
3173
4
9
3174
1
4
3175
0
7
3176
2
10
3177
3
1
3178
2
8
3179
0
10
3180
3
4
3181
4
8
3182
4
14
3183
3
0
3184
0
0
3185
1
9
3186
2
12
3187
4
0
3188
0
14
3189
2
2
3190
1
13
3191
3
0
3192
4
14
3193
0
10
3194
4
11
3195
3
1
3196
2
2
3197
3
13
3198
3
4
3199
4
8
3200
4
15
3201
4
10
3202
0
12
3203
4
5
3204
2
9
3205
1
10
3206
4
11
3207
2
1
3208
1
4
3209
3
14
3210
4
13
3211
3
15
3212
2
12
3213
4
5
3214
0
14
3215
2
12
3216
1
8
3217
4
14
3218
2
1
3219
4
15
3220
4
1
3221
1
10
3222
1
3
3223
2
4
3224
0
14
3225
4
11
3226
2
6
3227
0
15
3228
3
8
3229
1
2
3230
2
6
3231
2
7
3232
2
1
3233
2
1
3234
4
6
3235
4
9
3236
3
3
3237
0
12
3238
3
14
3239
1
5
3240
1
4
3241
2
6
3242
0
5
3243
0
4
3244
4
8
3245
2
13
3246
2
4
3247
1
10
3248
0
5
3249
2
0
3250
2
3
3251
1
3
3252
3
3
3253
0
10
3254
0
10
3255
4
10
3256
1
1
3257
1
11
3258
1
0
3259
0
6
3260
3
2
3261
4
3
3262
1
1
3263
4
2
3264
0
3
3265
0
4
3266
1
1
3267
1
2
3268
2
9
3269
2
3
3270
3
12
3271
3
1
3272
4
11
3273
1
5
3274
0
11
3275
1
11
3276
4
7
3277
2
11
3278
0
6
3279
0
0
3280
2
7
3281
4
10
3282
0
15
3283
0
8
3284
4
15
3285
1
10
3286
1
12
3287
2
3
3288
2
2
3289
0
14
3290
0
11
3291
3
1
3292
2
11
3293
1
10
3294
2
13
3295
4
7
3296
4
4
3297
0
1
3298
4
13
3299
1
15
3300
0
12
3301
4
12
3302
1
11
3303
0
6
3304
4
12
3305
4
14
3306
2
7
3307
3
7
3308
2
9
3309
1
14
3310
0
3
3311
3
1
3312
3
13
3313
1
12
3314
4
3
3315
2
6
3316
4
7
3317
4
7
3318
2
4
3319
2
15
3320
3
6
3321
4
8
3322
2
12
3323
0
11
3324
0
1
3325
3
9
3326
1
4
3327
4
5
3328
3
1
3329
2
0
3330
4
4
3331
4
10
3332
1
13
3333
1
11
3334
2
12
3335
4
12
3336
4
0
3337
4
11
3338
3
0
3339
4
9
3340
4
4
3341
1
12
3342
1
11
3343
1
10
3344
1
3
3345
1
14
3346
3
8
3347
2
10
3348
4
15
3349
3
11
3350
0
7
3351
2
10
3352
0
0
3353
3
2
3354
3
6
3355
2
0
3356
0
2
3357
1
13
3358
1
15
3359
3
11
3360
2
12
3361
2
1
3362
0
2
3363
0
1
3364
2
15
3365
0
5
3366
1
7
3367
4
10
3368
4
13
3369
0
5
3370
1
5
3371
0
15
3372
1
10
3373
2
13
3374
0
7
3375
3
9
3376
0
11
3377
0
2
3378
1
12
3379
0
7
3380
2
8
3381
4
15
3382
4
1
3383
3
1
3384
4
3
3385
3
10
3386
0
13
3387
1
1
3388
0
7
3389
3
6
3390
2
9
3391
3
0
3392
3
4
3393
2
0
3394
4
8
3395
0
12
3396
3
4
3397
2
5
3398
1
2
3399
4
6
3400
1
3
3401
2
15
3402
4
11
3403
0
14
3404
1
3
3405
2
8
3406
1
4
3407
1
7
3408
3
6
3409
3
9
3410
2
15
3411
3
4
3412
2
15
3413
3
10
3414
3
12
3415
1
0
3416
4
10
3417
0
0
3418
1
14
3419
1
11
3420
1
3
3421
0
7
3422
2
10
3423
4
13
3424
1
1
3425
3
3
3426
4
2
3427
2
15
3428
3
4
3429
2
7
3430
1
6
3431
4
6
3432
0
5
3433
4
13
3434
0
15
3435
2
15
3436
1
14
3437
0
12
3438
1
12
3439
1
0
3440
3
0
3441
3
2
3442
0
10
3443
2
12
3444
4
10
3445
3
12
3446
0
4
3447
0
0
3448
1
1
3449
1
13
3450
2
12
3451
0
14
3452
4
9
3453
4
2
3454
1
4
3455
1
10
3456
1
12
3457
1
14
3458
2
12
3459
0
14
3460
0
14
3461
0
10
3462
1
9
3463
4
0
3464
2
2
3465
0
6
3466
4
11
3467
2
3
3468
3
6
3469
1
10
3470
1
4
3471
0
9
3472
4
4
3473
2
13
3474
2
3
3475
4
0
3476
1
4
3477
4
14
3478
0
11
3479
0
6
3480
3
8
3481
1
2
3482
1
3
3483
0
13
3484
4
6
3485
1
15
3486
4
14
3487
3
12
3488
0
14
3489
1
10
3490
4
7
3491
0
1
3492
1
11
3493
3
9
3494
4
9
3495
4
13
3496
4
4
3497
4
12
3498
4
7
3499
0
4
3500
0
2
3501
4
15
3502
3
10
3503
1
2
3504
3
1
3505
3
0
3506
2
7
3507
2
10
3508
2
11
3509
0
12
3510
2
3
3511
0
3
3512
2
7
3513
3
7
3514
3
14
3515
4
15
3516
1
14
3517
1
4
3518
0
9
3519
0
13
3520
0
11
3521
1
7
3522
2
12
3523
1
1
3524
3
7
3525
1
8
3526
3
11
3527
1
8
3528
1
15
3529
4
9
3530
0
11
3531
1
4
3532
0
15
3533
1
2
3534
4
9
3535
0
0
3536
2
11
3537
0
9
3538
0
8
3539
1
5
3540
3
6
3541
1
13
3542
4
3
3543
2
8
3544
1
12
3545
3
14
3546
4
15
3547
1
5
3548
1
15
3549
2
0
3550
1
9
3551
1
1
3552
4
11
3553
1
15
3554
4
5
3555
0
1
3556
3
15
3557
1
5
3558
3
10
3559
0
8
3560
0
10
3561
1
3
3562
1
10
3563
0
9
3564
1
14
3565
3
7
3566
4
15
3567
1
6
3568
3
2
3569
1
2
3570
1
7
3571
4
8
3572
1
15
3573
4
14
3574
4
11
3575
3
3
3576
2
5
3577
3
5
3578
4
6
3579
1
9
3580
1
8
3581
0
14
3582
2
11
3583
0
5
3584
0
4
3585
2
9
3586
2
0
3587
0
6
3588
4
4
3589
0
1
3590
0
8
3591
2
2
3592
4
14
3593
1
8
3594
3
14
3595
0
6
3596
1
4
3597
4
4
3598
3
10
3599
2
13
3600
4
9
3601
3
15
3602
3
7
3603
0
5
3604
3
3
3605
3
14
3606
3
7
3607
3
13
3608
4
13
3609
1
4
3610
3
5
3611
4
2
3612
4
5
3613
2
6
3614
3
8
3615
3
4
3616
3
0
3617
3
0
3618
4
3
3619
2
12
3620
0
7
3621
3
14
3622
0
13
3623
0
9
3624
2
5
3625
3
6
3626
3
5
3627
1
14
3628
2
1
3629
0
1
3630
4
13
3631
1
0
3632
4
10
3633
0
14
3634
2
5
3635
4
3
3636
0
15
3637
3
0
3638
3
10
3639
4
13
3640
2
3
3641
2
0
3642
3
6
3643
2
5
3644
2
13
3645
1
11
3646
4
3
3647
3
2
3648
0
1
3649
2
5
3650
3
12
3651
3
2
3652
1
5
3653
3
7
3654
2
7
3655
1
6
3656
1
4
3657
4
13
3658
3
3
3659
0
14
3660
3
9
3661
1
1
3662
0
10
3663
1
8
3664
4
14
3665
2
14
3666
3
14
3667
1
15
3668
4
11
3669
0
11
3670
4
5
3671
4
9
3672
3
6
3673
3
0
3674
4
14
3675
0
6
3676
0
13
3677
2
15
3678
0
7
3679
4
12
3680
0
9
3681
1
1
3682
4
2
3683
3
7
3684
2
2
3685
1
9
3686
1
9
3687
1
14
3688
2
0
3689
3
6
3690
1
7
3691
3
8
3692
2
13
3693
3
1
3694
4
14
3695
1
0
3696
1
5
3697
0
1
3698
2
7
3699
4
7
3700
0
7
3701
2
15
3702
2
5
3703
0
6
3704
4
10
3705
3
12
3706
1
1
3707
0
14
3708
2
1
3709
2
12
3710
3
11
3711
2
2
3712
3
3
3713
2
12
3714
4
14
3715
1
9
3716
3
6
3717
2
8
3718
0
12
3719
2
3
3720
1
8
3721
4
1
3722
4
15
3723
0
15
3724
0
15
3725
1
7
3726
2
8
3727
2
3
3728
2
10
3729
3
1
3730
2
7
3731
1
12
3732
4
14
3733
0
10
3734
0
8
3735
4
1
3736
0
14
3737
0
0
3738
1
4
3739
2
8
3740
4
12
3741
0
13
3742
4
4
3743
1
6
3744
2
6
3745
0
6
3746
3
8
3747
4
9
3748
4
14
3749
1
2
3750
0
14
3751
1
12
3752
0
13
3753
2
8
3754
2
2
3755
4
14
3756
0
13
3757
3
3
3758
3
14
3759
1
1
3760
2
15
3761
4
1
3762
2
11
3763
3
8
3764
3
2
3765
3
9
3766
4
4
3767
0
3
3768
2
8
3769
2
1
3770
0
2
3771
4
10
3772
4
0
3773
4
9
3774
0
4
3775
3
3
3776
2
9
3777
3
4
3778
2
7
3779
3
5
3780
4
3
3781
4
15
3782
0
2
3783
1
3
3784
2
14
3785
2
10
3786
4
14
3787
1
4
3788
4
15
3789
0
15
3790
0
2
3791
3
5
3792
2
5
3793
1
5
3794
2
10
3795
1
9
3796
2
5
3797
3
6
3798
2
15
3799
3
14
3800
2
1
3801
0
14
3802
0
1
3803
2
8
3804
0
13
3805
3
10
3806
2
1
3807
4
4
3808
0
2
3809
1
12
3810
0
3
3811
2
12
3812
3
13
3813
0
3
3814
0
0
3815
2
0
3816
1
4
3817
0
0
3818
4
9
3819
4
8
3820
0
8
3821
2
12
3822
0
3
3823
4
13
3824
3
6
3825
1
11
3826
2
8
3827
2
12
3828
4
12
3829
4
2
3830
4
12
3831
4
15
3832
0
7
3833
4
7
3834
3
12
3835
2
1
3836
3
3
3837
0
7
3838
3
6
3839
4
15
3840
4
12
3841
2
0
3842
1
3
3843
2
11
3844
2
5
3845
4
13
3846
1
12
3847
4
6
3848
2
8
3849
2
9
3850
4
0
3851
0
8
3852
2
12
3853
4
6
3854
1
10
3855
1
1
3856
2
4
3857
1
6
3858
3
11
3859
2
0
3860
0
10
3861
2
3
3862
3
8
3863
2
4
3864
3
12
3865
4
6
3866
3
13
3867
2
9
3868
3
5
3869
0
5
3870
1
2
3871
1
9
3872
3
1
3873
1
12
3874
3
13
3875
1
1
3876
0
2
3877
2
10
3878
4
13
3879
3
4
3880
2
3
3881
2
4
3882
1
8
3883
1
14
3884
3
9
3885
3
1
3886
4
1
3887
0
15
3888
4
14
3889
2
5
3890
2
14
3891
3
13
3892
4
1
3893
0
5
3894
2
13
3895
2
13
3896
2
6
3897
1
5
3898
2
15
3899
0
15
3900
0
15
3901
0
9
3902
1
0
3903
2
7
3904
0
0
3905
2
4
3906
3
7
3907
1
1
3908
2
15
3909
2
8
3910
2
15
3911
2
10
3912
1
5
3913
1
6
3914
2
5
3915
2
5
3916
1
9
3917
4
1
3918
3
0
3919
0
8
3920
3
10
3921
3
2
3922
0
3
3923
2
13
3924
3
5
3925
3
9
3926
1
9
3927
3
11
3928
3
5
3929
1
15
3930
3
2
3931
4
8
3932
1
7
3933
2
15
3934
4
15
3935
2
1
3936
0
14
3937
1
7
3938
3
12
3939
0
15
3940
3
7
3941
4
10
3942
2
11
3943
1
0
3944
3
6
3945
2
4
3946
4
8
3947
1
2
3948
4
11
3949
3
9
3950
3
9
3951
3
0
3952
3
0
3953
2
11
3954
3
12
3955
0
0
3956
2
8
3957
4
14
3958
3
5
3959
2
8
3960
0
13
3961
2
8
3962
0
6
3963
3
1
3964
4
12
3965
1
12
3966
3
9
3967
1
12
3968
4
12
3969
2
15
3970
3
7
3971
1
1
3972
0
12
3973
0
13
3974
3
4
3975
0
2
3976
3
4
3977
4
14
3978
2
1
3979
0
1
3980
4
12
3981
1
12
3982
2
10
3983
2
13
3984
3
10
3985
0
2
3986
1
8
3987
3
1
3988
0
3
3989
2
13
3990
3
14
3991
0
13
3992
4
7
3993
3
11
3994
0
8
3995
2
6
3996
2
15
3997
2
9
3998
4
4
3999
1
5
4000
2
10
4001
2
3
4002
2
7
4003
1
1
4004
3
9
4005
2
0
4006
3
14
4007
4
5
4008
1
14
4009
2
14
4010
2
7
4011
3
4
4012
0
14
4013
4
8
4014
3
11
4015
2
4
4016
1
10
4017
1
11
4018
4
12
4019
2
0
4020
1
5
4021
3
8
4022
4
4
4023
2
0
4024
3
13
4025
4
12
4026
1
3
4027
0
9
4028
4
14
4029
3
0
4030
3
14
4031
2
1
4032
4
10
4033
1
15
4034
2
12
4035
2
3
4036
0
5
4037
0
12
4038
3
13
4039
1
13
4040
3
0
4041
0
9
4042
4
6
4043
1
0
4044
3
6
4045
2
13
4046
0
10
4047
3
7
4048
4
11
4049
2
13
4050
4
12
4051
1
15
4052
0
13
4053
4
7
4054
1
9
4055
2
9
4056
1
2
4057
3
7
4058
3
9
4059
3
13
4060
0
6
4061
0
2
4062
2
14
4063
3
6
4064
3
6
4065
3
12
4066
1
2
4067
2
1
4068
1
0
4069
3
15
4070
1
10
4071
0
1
4072
1
12
4073
3
11
4074
4
1
4075
4
0
4076
1
7
4077
0
14
4078
1
11
4079
1
13
4080
3
8
4081
1
2
4082
4
0
4083
0
6
4084
2
8
4085
0
4
4086
0
10
4087
3
5
4088
2
14
4089
2
6
4090
0
8
4091
0
9
4092
3
4
4093
1
4
4094
1
14
4095
2
12
4096
2
0
4097
4
15
4098
4
1
4099
4
11
4100
1
4
4101
1
12
4102
3
13
4103
4
8
4104
0
12
4105
0
4
4106
1
14
4107
3
1
4108
4
14
4109
2
11
4110
1
0
4111
2
2
4112
2
4
4113
1
13
4114
0
15
4115
4
7
4116
2
7
4117
3
0
4118
3
14
4119
1
7
4120
1
2
4121
0
12
4122
0
3
4123
2
12
4124
4
14
4125
4
1
4126
1
1
4127
4
7
4128
0
1
4129
2
2
4130
4
0
4131
1
0
4132
3
15
4133
4
6
4134
2
14
4135
3
14
4136
0
6
4137
0
12
4138
2
9
4139
4
0
4140
1
0
4141
3
2
4142
2
2
4143
4
7
4144
0
2
4145
4
12
4146
3
3
4147
0
15
4148
1
13
4149
0
12
4150
1
15
4151
1
0
4152
4
0
4153
0
0
4154
3
5
4155
4
9
4156
4
1
4157
2
14
4158
4
13
4159
2
6
4160
3
13
4161
4
10
4162
4
3
4163
4
7
4164
1
14
4165
3
2
4166
3
6
4167
1
5
4168
3
7
4169
4
12
4170
0
5
4171
4
9
4172
4
0
4173
2
9
4174
3
8
4175
2
7
4176
1
4
4177
0
8
4178
2
4
4179
0
14
4180
4
14
4181
4
15
4182
1
7
4183
0
3
4184
3
12
4185
2
11
4186
3
2
4187
4
2
4188
2
10
4189
4
7
4190
3
0
4191
0
15
4192
0
12
4193
3
8
4194
2
2
4195
0
8
4196
0
9
4197
4
13
4198
3
10
4199
4
11
4200
1
8
4201
4
13
4202
1
6
4203
0
0
4204
1
1
4205
1
11
4206
4
15
4207
4
13
4208
1
13
4209
0
8
4210
0
8
4211
4
5
4212
4
6
4213
4
1
4214
2
4
4215
4
0
4216
4
5
4217
3
12
4218
3
12
4219
0
6
4220
3
4
4221
0
10
4222
2
6
4223
2
6
4224
1
14
4225
1
15
4226
4
3
4227
3
5
4228
1
10
4229
3
7
4230
0
14
4231
4
11
4232
3
8
4233
4
8
4234
3
7
4235
1
9
4236
4
15
4237
1
1
4238
2
15
4239
3
10
4240
3
4
4241
3
8
4242
2
14
4243
0
1
4244
1
13
4245
2
6
4246
3
10
4247
4
13
4248
1
7
4249
3
12
4250
1
2
4251
0
3
4252
4
10
4253
3
10
4254
4
6
4255
3
6
4256
3
10
4257
1
8
4258
2
12
4259
1
7
4260
2
9
4261
2
5
4262
2
10
4263
3
14
4264
4
12
4265
1
7
4266
3
7
4267
3
5
4268
0
9
4269
3
1
4270
3
7
4271
0
9
4272
2
3
4273
0
10
4274
2
4
4275
1
8
4276
2
9
4277
1
3
4278
0
0
4279
1
9
4280
1
2
4281
3
0
4282
1
5
4283
3
15
4284
1
14
4285
2
4
4286
4
5
4287
3
4
4288
0
8
4289
0
12
4290
3
4
4291
0
14
4292
0
9
4293
3
10
4294
4
4
4295
4
0
4296
4
10
4297
3
13
4298
1
15
4299
4
6
4300
3
0
4301
4
7
4302
4
10
4303
3
4
4304
3
7
4305
0
2
4306
1
10
4307
3
3
4308
2
3
4309
4
10
4310
1
15
4311
0
6
4312
3
15
4313
2
15
4314
0
5
4315
2
11
4316
3
15
4317
1
1
4318
1
13
4319
4
6
4320
0
2
4321
4
1
4322
1
3
4323
1
10
4324
1
13
4325
1
9
4326
4
12
4327
3
8
4328
1
2
4329
1
0
4330
2
6
4331
1
3
4332
0
3
4333
2
13
4334
1
1
4335
0
1
4336
4
12
4337
4
14
4338
4
12
4339
0
12
4340
1
1
4341
4
10
4342
0
6
4343
1
1
4344
2
4
4345
3
6
4346
0
3
4347
4
8
4348
3
12
4349
1
4
4350
1
4
4351
3
4
4352
4
5
4353
3
4
4354
2
5
4355
2
5
4356
0
9
4357
1
7
4358
0
10
4359
2
3
4360
1
2
4361
2
12
4362
2
4
4363
3
11
4364
2
4
4365
3
6
4366
0
8
4367
0
9
4368
1
14
4369
0
9
4370
0
9
4371
4
4
4372
2
5
4373
1
11
4374
2
5
4375
3
6
4376
0
1
4377
3
15
4378
0
3
4379
3
5
4380
3
9
4381
0
12
4382
0
4
4383
1
12
4384
3
15
4385
2
9
4386
3
0
4387
1
3
4388
1
6
4389
2
14
4390
3
7
4391
2
9
4392
0
1
4393
4
13
4394
2
14
4395
1
9
4396
2
15
4397
0
7
4398
0
6
4399
2
0
4400
0
13
4401
1
1
4402
2
13
4403
1
1
4404
0
12
4405
4
6
4406
3
5
4407
3
12
4408
0
15
4409
1
2
4410
4
4
4411
0
3
4412
2
1
4413
0
2
4414
3
4
4415
2
7
4416
1
1
4417
2
9
4418
1
6
4419
4
4
4420
2
7
4421
3
8
4422
1
3
4423
1
5
4424
1
13
4425
1
4
4426
2
3
4427
1
7
4428
3
11
4429
2
11
4430
0
2
4431
3
10
4432
1
7
4433
3
2
4434
0
13
4435
2
5
4436
2
9
4437
2
5
4438
4
7
4439
4
4
4440
3
5
4441
1
11
4442
4
10
4443
0
10
4444
4
9
4445
0
0
4446
1
7
4447
2
14
4448
0
13
4449
3
3
4450
4
5
4451
3
3
4452
4
7
4453
3
7
4454
4
15
4455
3
5
4456
3
4
4457
1
12
4458
4
13
4459
1
12
4460
3
13
4461
3
8
4462
3
1
4463
0
9
4464
1
15
4465
2
0
4466
4
0
4467
2
0
4468
3
7
4469
1
13
4470
3
1
4471
3
6
4472
3
0
4473
3
3
4474
4
10
4475
2
2
4476
3
0
4477
2
12
4478
3
0
4479
2
8
4480
4
5
4481
1
11
4482
2
3
4483
4
12
4484
1
15
4485
3
4
4486
4
8
4487
1
10
4488
2
5
4489
0
1
4490
2
15
4491
0
14
4492
0
6
4493
0
1
4494
4
8
4495
0
5
4496
1
6
4497
1
15
4498
1
9
4499
4
4
4500
2
14
4501
1
8
4502
0
3
4503
4
5
4504
2
6
4505
0
5
4506
1
11
4507
4
0
4508
4
13
4509
4
11
4510
2
10
4511
3
5
4512
0
5
4513
4
1
4514
2
2
4515
4
13
4516
4
13
4517
0
6
4518
2
7
4519
1
6
4520
3
8
4521
0
12
4522
1
0
4523
4
5
4524
0
15
4525
3
1
4526
2
5
4527
2
1
4528
3
1
4529
4
0
4530
3
3
4531
4
1
4532
0
0
4533
0
4
4534
3
11
4535
2
10
4536
3
4
4537
4
3
4538
1
13
4539
0
12
4540
4
9
4541
0
6
4542
1
0
4543
2
13
4544
0
10
4545
2
13
4546
4
12
4547
4
8
4548
1
2
4549
0
9
4550
0
7
4551
0
10
4552
2
2
4553
2
3
4554
0
9
4555
3
0
4556
3
11
4557
1
14
4558
4
0
4559
4
2
4560
4
9
4561
3
6
4562
4
14
4563
3
11
4564
0
3
4565
1
14
4566
1
5
4567
2
0
4568
4
11
4569
1
9
4570
4
4
4571
4
0
4572
1
5
4573
3
14
4574
2
15
4575
3
5
4576
3
0
4577
1
9
4578
1
7
4579
3
15
4580
1
3
4581
3
1
4582
4
14
4583
4
2
4584
1
3
4585
0
4
4586
4
10
4587
0
10
4588
1
1
4589
3
6
4590
0
14
4591
4
4
4592
4
5
4593
3
14
4594
1
8
4595
2
14
4596
3
6
4597
1
3
4598
1
5
4599
4
0
4600
3
14
4601
1
15
4602
0
4
4603
2
9
4604
0
9
4605
0
12
4606
2
2
4607
2
3
4608
1
14
4609
2
13
4610
0
8
4611
1
5
4612
1
9
4613
1
7
4614
3
14
4615
3
3
4616
0
3
4617
4
8
4618
0
15
4619
3
11
4620
2
5
4621
3
13
4622
0
3
4623
4
14
4624
0
0
4625
1
15
4626
3
10
4627
1
6
4628
1
10
4629
4
14
4630
1
4
4631
2
15
4632
2
2
4633
4
15
4634
0
3
4635
1
5
4636
3
14
4637
4
3
4638
1
3
4639
2
10
4640
2
0
4641
0
11
4642
2
0
4643
2
7
4644
0
0
4645
0
11
4646
4
14
4647
1
15
4648
1
5
4649
4
14
4650
1
5
4651
2
13
4652
0
8
4653
0
0
4654
0
1
4655
2
15
4656
1
6
4657
4
4
4658
3
6
4659
4
14
4660
4
9
4661
1
13
4662
0
9
4663
3
11
4664
0
13
4665
3
8
4666
0
8
4667
2
5
4668
3
14
4669
1
14
4670
3
7
4671
1
5
4672
2
10
4673
0
11
4674
0
13
4675
0
11
4676
1
5
4677
2
8
4678
2
15
4679
4
2
4680
3
5
4681
2
10
4682
4
7
4683
4
0
4684
2
13
4685
2
15
4686
4
10
4687
2
5
4688
1
2
4689
4
8
4690
4
15
4691
4
15
4692
4
1
4693
4
1
4694
2
11
4695
0
15
4696
1
1
4697
3
1
4698
2
9
4699
2
13
4700
1
8
4701
3
0
4702
1
12
4703
1
12
4704
0
2
4705
4
7
4706
4
3
4707
1
14
4708
2
12
4709
2
15
4710
0
11
4711
0
10
4712
1
9
4713
3
12
4714
3
4
4715
0
14
4716
0
2
4717
1
10
4718
1
8
4719
1
15
4720
3
9
4721
3
9
4722
2
0
4723
2
9
4724
1
7
4725
1
15
4726
3
3
4727
1
10
4728
4
12
4729
2
6
4730
1
15
4731
2
6
4732
3
4
4733
3
12
4734
4
4
4735
4
5
4736
1
10
4737
4
6
4738
4
1
4739
1
0
4740
4
0
4741
2
15
4742
2
4
4743
4
15
4744
2
9
4745
1
9
4746
0
2
4747
0
6
4748
4
1
4749
1
6
4750
2
0
4751
1
11
4752
0
2
4753
1
4
4754
4
13
4755
1
2
4756
0
2
4757
4
13
4758
0
3
4759
2
11
4760
4
4
4761
1
12
4762
1
10
4763
0
15
4764
4
0
4765
2
6
4766
1
15
4767
0
12
4768
0
14
4769
4
8
4770
1
10
4771
1
15
4772
4
14
4773
1
10
4774
0
9
4775
0
6
4776
3
3
4777
1
0
4778
2
7
4779
3
15
4780
1
8
4781
4
0
4782
4
9
4783
4
8
4784
3
0
4785
4
0
4786
4
10
4787
0
7
4788
0
11
4789
4
12
4790
3
6
4791
3
13
4792
2
2
4793
0
10
4794
1
10
4795
4
13
4796
1
9
4797
3
13
4798
4
15
4799
2
3
4800
1
13
4801
0
3
4802
0
7
4803
2
0
4804
0
2
4805
3
15
4806
2
13
4807
0
0
4808
3
1
4809
0
0
4810
2
1
4811
2
8
4812
4
6
4813
0
13
4814
1
0
4815
3
2
4816
3
1
4817
2
6
4818
4
1
4819
0
8
4820
2
8
4821
2
9
4822
4
7
4823
3
5
4824
2
11
4825
2
1
4826
2
15
4827
1
8
4828
4
2
4829
2
5
4830
4
0
4831
3
7
4832
3
8
4833
3
12
4834
3
2
4835
0
4
4836
3
10
4837
0
10
4838
3
9
4839
1
11
4840
1
4
4841
4
7
4842
1
13
4843
3
4
4844
2
12
4845
1
5
4846
1
15
4847
3
7
4848
3
3
4849
3
14
4850
3
6
4851
4
5
4852
1
10
4853
3
9
4854
4
4
4855
0
10
4856
2
10
4857
4
10
4858
2
0
4859
2
5
4860
4
14
4861
2
5
4862
3
5
4863
4
5
4864
4
13
4865
4
13
4866
0
2
4867
0
14
4868
1
3
4869
4
8
4870
3
9
4871
0
8
4872
2
3
4873
4
9
4874
1
9
4875
2
5
4876
1
13
4877
4
0
4878
2
11
4879
2
0
4880
1
10
4881
1
8
4882
2
3
4883
2
11
4884
2
11
4885
0
11
4886
2
9
4887
2
12
4888
4
3
4889
4
10
4890
1
3
4891
1
4
4892
4
12
4893
1
4
4894
3
2
4895
1
10
4896
1
14
4897
1
1
4898
2
0
4899
1
12
4900
1
11
4901
3
14
4902
0
6
4903
1
4
4904
4
9
4905
0
12
4906
4
8
4907
4
6
4908
3
9
4909
1
14
4910
3
12
4911
3
9
4912
3
0
4913
3
14
4914
1
9
4915
1
12
4916
0
10
4917
4
15
4918
3
11
4919
4
7
4920
3
10
4921
4
12
4922
3
15
4923
3
12
4924
0
1
4925
3
7
4926
3
2
4927
1
6
4928
2
5
4929
2
13
4930
3
11
4931
0
0
4932
3
6
4933
3
0
4934
1
5
4935
0
7
4936
2
6
4937
3
9
4938
4
6
4939
3
3
4940
4
13
4941
3
8
4942
4
11
4943
4
9
4944
1
11
4945
0
8
4946
2
9
4947
1
13
4948
0
15
4949
1
0
4950
0
13
4951
1
4
4952
1
3
4953
2
14
4954
4
7
4955
1
13
4956
2
1
4957
1
2
4958
1
9
4959
1
14
4960
4
2
4961
2
8
4962
0
0
4963
0
14
4964
3
3
4965
1
8
4966
4
12
4967
0
5
4968
4
0
4969
1
13
4970
2
4
4971
4
2
4972
1
11
4973
1
6
4974
0
14
4975
1
5
4976
1
9
4977
2
14
4978
2
9
4979
1
9
4980
2
10
4981
4
0
4982
4
13
4983
0
0
4984
0
6
4985
4
5
4986
1
6
4987
4
3
4988
3
12
4989
4
13
4990
0
2
4991
1
8
4992
2
8
4993
0
3
4994
2
2
4995
0
4
4996
2
2
4997
2
8
4998
1
2
4999
3
11
5000
3
1
5001
3
5
5002
1
10
5003
4
11
5004
3
4
5005
0
10
5006
1
4
5007
2
9
5008
0
9
5009
2
6
5010
0
14
5011
2
8
5012
1
8
5013
3
5
5014
1
12
5015
1
1
5016
1
0
5017
3
13
5018
4
6
5019
4
13
5020
1
15
5021
3
0
5022
1
15
5023
1
4
5024
0
15
5025
1
13
5026
0
13
5027
4
10
5028
4
9
5029
4
1
5030
2
11
5031
2
11
5032
1
4
5033
2
1
5034
1
13
5035
3
13
5036
0
2
5037
0
12
5038
2
3
5039
4
0
5040
2
3
5041
0
0
5042
1
4
5043
3
3
5044
4
6
5045
1
7
5046
3
7
5047
2
11
5048
1
13
5049
1
15
5050
0
5
5051
4
7
5052
2
3
5053
2
14
5054
1
0
5055
2
5
5056
0
14
5057
0
2
5058
0
15
5059
1
12
5060
3
7
5061
1
10
5062
1
2
5063
1
6
5064
4
8
5065
1
3
5066
2
11
5067
2
3
5068
0
1
5069
3
10
5070
4
13
5071
3
13
5072
3
10
5073
1
15
5074
1
10
5075
0
10
5076
1
0
5077
4
6
5078
2
5
5079
3
4
5080
1
8
5081
4
13
5082
1
15
5083
3
3
5084
2
7
5085
4
10
5086
3
13
5087
0
9
5088
2
7
5089
2
3
5090
1
7
5091
0
4
5092
2
13
5093
2
6
5094
4
11
5095
1
11
5096
3
6
5097
1
15
5098
1
4
5099
4
12
5100
4
5
5101
4
4
5102
4
8
5103
2
6
5104
2
13
5105
4
1
5106
4
15
5107
2
15
5108
3
0
5109
2
4
5110
2
15
5111
1
1
5112
4
10
5113
2
5
5114
4
0
5115
0
3
5116
0
13
5117
1
9
5118
0
13
5119
2
10
5120
1
8
5121
3
5
5122
1
0
5123
3
9
5124
3
15
5125
3
10
5126
3
5
5127
2
0
5128
4
0
5129
1
9
5130
4
8
5131
2
4
5132
1
0
5133
4
6
5134
4
11
5135
3
11
5136
3
14
5137
3
13
5138
1
8
5139
1
7
5140
4
5
5141
1
15
5142
2
8
5143
0
0
5144
1
2
5145
2
10
5146
3
15
5147
2
15
5148
1
5
5149
0
15
5150
2
12
5151
3
12
5152
1
10
5153
0
10
5154
3
9
5155
4
0
5156
4
4
5157
2
4
5158
0
0
5159
1
6
5160
0
4
5161
4
7
5162
3
10
5163
3
13
5164
4
14
5165
0
5
5166
3
15
5167
1
8
5168
3
14
5169
2
5
5170
2
4
5171
2
11
5172
4
13
5173
3
0
5174
0
0
5175
1
6
5176
4
13
5177
0
1
5178
3
8
5179
3
3
5180
0
0
5181
1
3
5182
3
3
5183
4
5
5184
0
5
5185
2
14
5186
4
0
5187
2
9
5188
0
2
5189
2
12
5190
3
0
5191
4
6
5192
4
7
5193
4
9
5194
1
2
5195
4
8
5196
2
3
5197
0
1
5198
0
8
5199
0
5
5200
1
13
5201
0
12
5202
3
9
5203
0
14
5204
3
11
5205
1
4
5206
2
13
5207
1
14
5208
3
11
5209
4
1
5210
1
12
5211
0
12
5212
0
11
5213
0
8
5214
3
4
5215
2
14
5216
0
1
5217
3
2
5218
2
14
5219
4
11
5220
2
9
5221
1
10
5222
4
9
5223
3
12
5224
1
11
5225
2
4
5226
0
0
5227
4
14
5228
3
8
5229
3
4
5230
2
9
5231
3
9
5232
1
13
5233
1
7
5234
2
2
5235
4
4
5236
0
15
5237
2
10
5238
3
0
5239
0
3
5240
2
15
5241
0
11
5242
4
1
5243
4
8
5244
2
1
5245
2
6
5246
2
4
5247
4
9
5248
2
10
5249
0
2
5250
1
3
5251
3
15
5252
2
5
5253
3
15
5254
0
0
5255
3
3
5256
3
0
5257
4
9
5258
4
12
5259
2
8
5260
1
7
5261
2
3
5262
2
2
5263
2
12
5264
2
2
5265
3
13
5266
3
13
5267
3
15
5268
2
0
5269
2
5
5270
0
4
5271
1
15
5272
3
3
5273
4
4
5274
0
9
5275
0
15
5276
0
12
5277
1
8
5278
3
4
5279
3
1
5280
4
9
5281
4
13
5282
4
0
5283
2
5
5284
1
8
5285
3
7
5286
2
4
5287
0
15
5288
4
0
5289
1
14
5290
0
12
5291
3
6
5292
3
8
5293
4
9
5294
4
1
5295
1
10
5296
1
4
5297
4
12
5298
1
11
5299
3
15
5300
4
14
5301
4
10
5302
3
13
5303
4
1
5304
0
2
5305
2
1
5306
4
9
5307
2
3
5308
0
12
5309
4
4
5310
0
14
5311
4
13
5312
2
15
5313
1
6
5314
3
12
5315
1
6
5316
3
14
5317
3
11
5318
3
7
5319
4
13
5320
2
12
5321
1
13
5322
3
2
5323
0
7
5324
0
3
5325
0
7
5326
4
15
5327
3
10
5328
4
15
5329
4
13
5330
3
4
5331
1
8
5332
4
10
5333
2
15
5334
4
14
5335
1
8
5336
2
8
5337
4
12
5338
1
13
5339
0
11
5340
2
9
5341
4
13
5342
4
4
5343
2
3
5344
0
1
5345
3
1
5346
4
9
5347
2
1
5348
1
1
5349
3
14
5350
0
6
5351
2
1
5352
0
1
5353
2
2
5354
1
12
5355
2
14
5356
3
3
5357
1
11
5358
0
3
5359
3
0
5360
1
14
5361
0
15
5362
2
1
5363
3
0
5364
1
13
5365
2
14
5366
3
4
5367
0
8
5368
4
0
5369
3
3
5370
2
15
5371
1
1
5372
0
15
5373
4
14
5374
3
9
5375
3
3
5376
1
5
5377
2
5
5378
3
4
5379
2
5
5380
3
15
5381
3
10
5382
3
5
5383
2
0
5384
0
9
5385
0
5
5386
4
10
5387
1
9
5388
2
6
5389
4
6
5390
4
1
5391
1
15
5392
3
1
5393
2
4
5394
4
8
5395
4
4
5396
3
7
5397
1
0
5398
1
13
5399
0
2
5400
4
7
5401
2
11
5402
4
10
5403
0
0
5404
2
4
5405
1
15
5406
4
9
5407
3
12
5408
2
5
5409
3
3
5410
3
6
5411
3
7
5412
4
4
5413
1
1
5414
4
11
5415
0
15
5416
4
8
5417
0
2
5418
2
1
5419
2
15
5420
3
11
5421
3
8
5422
2
6
5423
4
10
5424
1
6
5425
1
3
5426
4
15
5427
2
4
5428
1
12
5429
2
12
5430
1
4
5431
4
7
5432
3
1
5433
4
5
5434
3
7
5435
4
2
5436
0
13
5437
2
2
5438
1
5
5439
3
7
5440
0
2
5441
2
6
5442
4
10
5443
0
7
5444
1
3
5445
3
12
5446
2
2
5447
3
8
5448
2
7
5449
1
7
5450
0
14
5451
4
0
5452
2
10
5453
1
4
5454
4
6
5455
2
0
5456
4
11
5457
4
7
5458
2
3
5459
4
6
5460
0
8
5461
4
13
5462
3
0
5463
2
9
5464
1
0
5465
1
15
5466
1
6
5467
3
7
5468
0
12
5469
4
2
5470
0
9
5471
0
4
5472
2
1
5473
3
4
5474
4
15
5475
2
15
5476
0
15
5477
1
5
5478
4
2
5479
2
14
5480
4
1
5481
1
13
5482
2
12
5483
3
1
5484
1
7
5485
2
2
5486
4
0
5487
3
6
5488
1
15
5489
4
13
5490
3
1
5491
4
14
5492
2
14
5493
0
2
5494
1
4
5495
3
12
5496
0
8
5497
2
11
5498
0
15
5499
3
9
5500
0
10
5501
2
12
5502
2
6
5503
3
13
5504
1
15
5505
0
9
5506
2
13
5507
0
9
5508
3
2
5509
1
1
5510
4
11
5511
2
2
5512
1
6
5513
2
6
5514
3
5
5515
2
11
5516
2
3
5517
2
12
5518
3
12
5519
2
11
5520
4
11
5521
4
6
5522
3
8
5523
4
9
5524
2
3
5525
0
2
5526
4
11
5527
3
12
5528
2
1
5529
0
0
5530
3
5
5531
2
15
5532
4
10
5533
2
1
5534
1
15
5535
2
0
5536
2
9
5537
2
6
5538
4
0
5539
1
12
5540
4
14
5541
1
15
5542
1
12
5543
4
13
5544
2
15
5545
0
0
5546
1
9
5547
0
6
5548
3
12
5549
2
9
5550
2
0
5551
1
5
5552
3
2
5553
3
8
5554
3
10
5555
0
9
5556
0
14
5557
4
13
5558
1
9
5559
1
13
5560
2
12
5561
3
0
5562
1
4
5563
4
1
5564
1
15
5565
0
0
5566
2
2
5567
1
6
5568
1
14
5569
2
9
5570
0
11
5571
1
9
5572
3
2
5573
0
3
5574
2
11
5575
0
11
5576
1
10
5577
4
1
5578
2
6
5579
0
6
5580
4
13
5581
1
3
5582
4
12
5583
3
13
5584
4
2
5585
1
7
5586
2
11
5587
2
7
5588
1
9
5589
4
10
5590
0
14
5591
4
12
5592
1
8
5593
3
2
5594
3
3
5595
1
11
5596
1
14
5597
3
5
5598
2
9
5599
3
14
5600
3
14
5601
0
13
5602
3
14
5603
2
9
5604
0
4
5605
0
15
5606
3
13
5607
0
2
5608
1
4
5609
2
2
5610
0
14
5611
3
2
5612
4
4
5613
2
6
5614
4
1
5615
4
5
5616
4
9
5617
3
14
5618
0
9
5619
2
10
5620
1
9
5621
3
1
5622
4
11
5623
0
6
5624
4
2
5625
4
6
5626
0
10
5627
3
11
5628
2
2
5629
0
1
5630
1
14
5631
2
4
5632
1
8
5633
2
1
5634
2
0
5635
1
14
5636
1
10
5637
1
12
5638
3
5
5639
2
3
5640
3
8
5641
4
4
5642
1
3
5643
1
0
5644
0
6
5645
2
2
5646
1
13
5647
1
15
5648
0
15
5649
0
0
5650
3
9
5651
4
9
5652
2
11
5653
1
9
5654
4
14
5655
0
8
5656
4
5
5657
4
2
5658
2
11
5659
3
10
5660
0
7
5661
2
0
5662
2
0
5663
4
13
5664
1
10
5665
2
7
5666
0
2
5667
3
14
5668
1
12
5669
4
6
5670
0
4
5671
2
15
5672
4
15
5673
2
11
5674
0
10
5675
3
8
5676
0
8
5677
0
9
5678
4
6
5679
0
13
5680
2
15
5681
3
4
5682
1
11
5683
4
2
5684
3
0
5685
1
10
5686
2
10
5687
0
12
5688
4
9
5689
4
14
5690
2
7
5691
3
1
5692
2
2
5693
2
13
5694
4
6
5695
4
11
5696
4
12
5697
0
0
5698
3
7
5699
0
12
5700
0
12
5701
2
1
5702
4
9
5703
4
2
5704
2
7
5705
2
9
5706
2
15
5707
3
7
5708
3
6
5709
0
0
5710
1
12
5711
0
4
5712
3
10
5713
4
0
5714
2
8
5715
4
11
5716
3
10
5717
4
9
5718
4
10
5719
3
6
5720
4
13
5721
2
3
5722
2
2
5723
1
12
5724
1
5
5725
2
5
5726
3
1
5727
3
15
5728
2
12
5729
2
13
5730
2
0
5731
0
15
5732
3
14
5733
0
6
5734
2
8
5735
3
7
5736
4
6
5737
0
3
5738
4
15
5739
0
11
5740
2
5
5741
4
14
5742
0
2
5743
0
6
5744
4
11
5745
3
5
5746
2
8
5747
1
14
5748
4
3
5749
2
4
5750
0
13
5751
4
9
5752
2
13
5753
3
7
5754
0
15
5755
4
0
5756
4
3
5757
3
11
5758
4
12
5759
2
1
5760
4
0
5761
2
5
5762
0
9
5763
1
3
5764
0
13
5765
4
8
5766
3
12
5767
3
3
5768
2
10
5769
1
5
5770
2
8
5771
4
11
5772
4
14
5773
1
1
5774
1
11
5775
3
6
5776
4
7
5777
2
5
5778
2
12
5779
0
12
5780
3
8
5781
3
5
5782
2
0
5783
2
4
5784
0
8
5785
2
8
5786
2
9
5787
0
12
5788
1
6
5789
0
4
5790
1
4
5791
1
11
5792
0
4
5793
1
8
5794
1
5
5795
1
8
5796
3
0
5797
2
2
5798
4
5
5799
0
11
5800
3
4
5801
1
12
5802
0
8
5803
0
9
5804
2
6
5805
0
13
5806
0
11
5807
4
6
5808
2
0
5809
3
12
5810
4
6
5811
2
6
5812
0
5
5813
4
8
5814
4
4
5815
4
15
5816
3
5
5817
1
0
5818
0
5
5819
3
7
5820
0
13
5821
4
2
5822
3
12
5823
1
8
5824
4
3
5825
4
12
5826
3
8
5827
3
11
5828
4
4
5829
0
1
5830
4
5
5831
3
14
5832
1
4
5833
0
4
5834
0
4
5835
1
10
5836
2
2
5837
4
3
5838
3
8
5839
0
1
5840
3
0
5841
1
4
5842
4
15
5843
4
15
5844
0
0
5845
2
5
5846
1
9
5847
3
8
5848
1
12
5849
3
0
5850
0
14
5851
2
9
5852
4
15
5853
1
15
5854
3
3
5855
0
13
5856
1
7
5857
3
5
5858
4
4
5859
0
10
5860
0
8
5861
4
15
5862
3
15
5863
2
8
5864
2
10
5865
2
9
5866
1
9
5867
1
15
5868
3
3
5869
0
10
5870
3
0
5871
0
6
5872
0
15
5873
3
11
5874
4
8
5875
0
12
5876
1
14
5877
1
2
5878
0
8
5879
1
1
5880
3
13
5881
0
6
5882
1
7
5883
3
2
5884
1
9
5885
1
3
5886
2
7
5887
0
8
5888
2
8
5889
2
5
5890
0
11
5891
3
0
5892
2
2
5893
0
10
5894
0
15
5895
1
1
5896
3
1
5897
1
14
5898
4
13
5899
3
0
5900
2
13
5901
4
11
5902
2
8
5903
1
14
5904
2
2
5905
4
5
5906
4
7
5907
1
12
5908
2
4
5909
2
11
5910
3
2
5911
4
3
5912
0
1
5913
1
14
5914
3
10
5915
0
11
5916
4
15
5917
2
8
5918
1
6
5919
4
15
5920
4
12
5921
3
8
5922
1
7
5923
0
11
5924
3
2
5925
1
12
5926
3
6
5927
4
5
5928
1
1
5929
0
5
5930
2
10
5931
3
3
5932
2
4
5933
3
7
5934
4
8
5935
4
15
5936
4
5
5937
3
7
5938
1
13
5939
1
3
5940
4
1
5941
1
10
5942
4
9
5943
1
14
5944
3
14
5945
4
15
5946
1
15
5947
4
4
5948
3
15
5949
0
1
5950
3
14
5951
1
1
5952
3
14
5953
0
2
5954
0
0
5955
0
13
5956
3
13
5957
4
0
5958
0
9
5959
3
9
5960
4
3
5961
4
7
5962
0
11
5963
1
11
5964
4
6
5965
2
9
5966
3
5
5967
2
11
5968
3
10
5969
3
4
5970
3
7
5971
4
3
5972
0
1
5973
4
13
5974
1
5
5975
1
12
5976
0
12
5977
0
6
5978
1
0
5979
4
5
5980
4
10
5981
3
14
5982
4
6
5983
4
12
5984
1
7
5985
1
10
5986
0
5
5987
1
15
5988
2
9
5989
4
0
5990
2
3
5991
3
7
5992
2
14
5993
3
13
5994
4
10
5995
1
11
5996
3
3
5997
1
1
5998
4
5
5999
0
15
6000
0
6
6001
1
10
6002
1
8
6003
4
4
6004
2
9
6005
3
2
6006
0
8
6007
2
6
6008
1
2
6009
4
5
6010
2
3
6011
1
6
6012
0
9
6013
2
13
6014
2
10
6015
4
15
6016
0
5
6017
2
0
6018
3
5
6019
1
9
6020
3
2
6021
3
5
6022
0
14
6023
0
4
6024
1
9
6025
0
11
6026
2
14
6027
3
9
6028
2
4
6029
2
9
6030
2
14
6031
3
1
6032
3
7
6033
0
2
6034
3
13
6035
1
13
6036
2
11
6037
4
14
6038
3
9
6039
0
2
6040
0
6
6041
2
9
6042
3
11
6043
2
14
6044
2
5
6045
4
9
6046
0
7
6047
3
1
6048
2
10
6049
2
4
6050
4
1
6051
4
1
6052
0
13
6053
3
6
6054
4
2
6055
0
15
6056
1
12
6057
3
6
6058
1
12
6059
1
8
6060
4
10
6061
1
10
6062
2
10
6063
0
0
6064
3
2
6065
3
7
6066
3
13
6067
4
7
6068
4
2
6069
0
9
6070
0
7
6071
1
1
6072
3
11
6073
3
11
6074
4
12
6075
0
9
6076
2
11
6077
4
13
6078
1
10
6079
3
6
6080
4
0
6081
2
2
6082
4
4
6083
3
2
6084
3
3
6085
2
0
6086
3
9
6087
3
1
6088
0
10
6089
2
6
6090
1
1
6091
3
1
6092
0
8
6093
0
5
6094
1
14
6095
3
5
6096
1
15
6097
1
1
6098
2
7
6099
2
2
6100
2
14
6101
4
3
6102
0
6
6103
3
1
6104
1
5
6105
1
0
6106
3
6
6107
0
14
6108
0
4
6109
1
13
6110
4
3
6111
2
13
6112
4
9
6113
0
3
6114
3
14
6115
4
6
6116
1
14
6117
1
15
6118
3
9
6119
3
5
6120
4
14
6121
2
5
6122
1
5
6123
2
9
6124
4
1
6125
3
8
6126
4
11
6127
1
2
6128
4
13
6129
1
0
6130
2
6
6131
1
13
6132
0
6
6133
1
9
6134
0
14
6135
2
12
6136
3
4
6137
1
9
6138
0
15
6139
2
5
6140
2
15
6141
4
6
6142
3
5
6143
3
0
6144
1
7
6145
2
11
6146
0
2
6147
4
3
6148
0
12
6149
2
4
6150
0
1
6151
4
1
6152
4
1
6153
4
14
6154
0
6
6155
3
1
6156
0
14
6157
4
10
6158
4
8
6159
4
2
6160
2
12
6161
3
10
6162
2
5
6163
2
8
6164
4
7
6165
1
11
6166
1
6
6167
1
8
6168
1
0
6169
0
11
6170
1
2
6171
4
0
6172
4
4
6173
4
14
6174
2
13
6175
2
2
6176
4
13
6177
2
3
6178
0
11
6179
2
6
6180
0
11
6181
3
15
6182
4
2
6183
0
12
6184
3
11
6185
1
4
6186
3
9
6187
2
15
6188
3
3
6189
2
15
6190
0
4
6191
1
7
6192
4
10
6193
3
10
6194
3
9
6195
2
15
6196
3
4
6197
2
15
6198
0
0
6199
2
12
6200
1
13
6201
4
1
6202
4
15
6203
2
6
6204
1
2
6205
0
4
6206
2
1
6207
3
4
6208
0
4
6209
1
1
6210
3
7
6211
1
6
6212
2
11
6213
2
13
6214
4
15
6215
4
14
6216
0
7
6217
2
3
6218
2
5
6219
4
11
6220
2
1
6221
1
2
6222
3
2
6223
1
13
6224
4
6
6225
0
8
6226
1
5
6227
3
8
6228
2
13
6229
1
12
6230
4
9
6231
1
0
6232
3
6
6233
3
0
6234
2
2
6235
1
3
6236
3
0
6237
1
13
6238
3
12
6239
3
12
6240
4
15
6241
2
4
6242
2
2
6243
2
2
6244
3
7
6245
0
13
6246
0
6
6247
1
8
6248
4
1
6249
4
1
6250
1
1
6251
1
12
6252
2
2
6253
3
12
6254
3
12
6255
3
7
6256
1
15
6257
2
5
6258
4
10
6259
3
5
6260
3
0
6261
4
12
6262
0
6
6263
2
15
6264
3
2
6265
1
2
6266
1
5
6267
1
9
6268
3
3
6269
1
1
6270
2
5
6271
0
15
6272
2
4
6273
4
2
6274
2
12
6275
0
1
6276
1
2
6277
4
0
6278
3
12
6279
0
11
6280
1
6
6281
3
11
6282
3
4
6283
0
7
6284
2
14
6285
0
12
6286
1
1
6287
1
8
6288
2
9
6289
3
12
6290
0
3
6291
0
7
6292
1
14
6293
4
4
6294
0
8
6295
3
6
6296
3
7
6297
3
5
6298
1
6
6299
0
15
6300
4
10
6301
3
12
6302
4
10
6303
0
9
6304
0
6
6305
4
0
6306
2
8
6307
0
4
6308
2
15
6309
1
8
6310
0
11
6311
2
12
6312
1
12
6313
0
6
6314
3
14
6315
2
9
6316
1
14
6317
4
5
6318
0
12
6319
1
3
6320
3
9
6321
2
14
6322
3
0
6323
0
5
6324
1
0
6325
2
12
6326
3
4
6327
4
8
6328
1
4
6329
3
9
6330
1
6
6331
4
9
6332
3
6
6333
2
13
6334
3
13
6335
2
7
6336
0
7
6337
3
9
6338
0
8
6339
3
1
6340
2
12
6341
0
12
6342
1
9
6343
2
12
6344
4
2
6345
0
0
6346
0
15
6347
0
15
6348
4
15
6349
1
10
6350
4
6
6351
1
10
6352
3
1
6353
1
0
6354
2
14
6355
0
6
6356
0
9
6357
3
6
6358
2
14
6359
3
4
6360
2
9
6361
2
15
6362
4
3
6363
3
1
6364
2
5
6365
3
0
6366
2
5
6367
0
7
6368
4
8
6369
0
10
6370
2
13
6371
4
0
6372
2
13
6373
3
15
6374
2
0
6375
4
15
6376
4
6
6377
1
4
6378
2
11
6379
1
3
6380
1
12
6381
4
0
6382
2
12
6383
0
13
6384
4
9
6385
0
6
6386
0
2
6387
1
1
6388
0
9
6389
2
6
6390
2
4
6391
1
9
6392
2
15
6393
3
11
6394
4
4
6395
2
9
6396
1
12
6397
1
0
6398
0
6
6399
1
12
6400
4
9
6401
2
0
6402
3
0
6403
1
7
6404
1
15
6405
0
9
6406
0
9
6407
3
15
6408
3
9
6409
4
1
6410
0
5
6411
4
12
6412
4
10
6413
0
12
6414
3
7
6415
0
5
6416
4
9
6417
0
5
6418
1
1
6419
0
0
6420
4
13
6421
3
8
6422
3
3
6423
1
3
6424
3
5
6425
0
1
6426
2
14
6427
0
13
6428
3
3
6429
0
7
6430
0
6
6431
1
11
6432
0
4
6433
4
7
6434
0
3
6435
0
12
6436
3
8
6437
3
12
6438
3
7
6439
3
8
6440
2
15
6441
4
7
6442
2
14
6443
3
3
6444
2
7
6445
0
3
6446
1
6
6447
0
14
6448
3
5
6449
4
8
6450
2
0
6451
2
6
6452
1
12
6453
0
14
6454
0
2
6455
2
5
6456
3
11
6457
2
5
6458
1
8
6459
4
8
6460
1
13
6461
0
6
6462
4
2
6463
3
7
6464
1
15
6465
1
14
6466
3
10
6467
1
11
6468
0
4
6469
1
0
6470
0
2
6471
4
2
6472
4
10
6473
2
11
6474
0
7
6475
4
3
6476
3
11
6477
2
5
6478
2
2
6479
2
15
6480
0
7
6481
4
13
6482
1
15
6483
3
14
6484
3
2
6485
0
5
6486
1
11
6487
3
12
6488
0
1
6489
1
5
6490
1
12
6491
1
5
6492
3
13
6493
2
4
6494
1
1
6495
1
0
6496
4
6
6497
1
14
6498
3
6
6499
0
15
6500
2
15
6501
0
4
6502
0
4
6503
0
14
6504
1
14
6505
4
3
6506
1
6
6507
4
7
6508
0
15
6509
4
14
6510
2
0
6511
2
0
6512
3
8
6513
1
15
6514
2
10
6515
0
11
6516
1
14
6517
0
8
6518
1
7
6519
4
13
6520
4
12
6521
1
8
6522
2
14
6523
3
6
6524
2
9
6525
0
4
6526
3
13
6527
0
8
6528
0
10
6529
1
9
6530
0
1
6531
2
11
6532
3
13
6533
3
5
6534
2
5
6535
3
5
6536
2
9
6537
1
15
6538
1
8
6539
0
13
6540
3
14
6541
2
5
6542
2
7
6543
1
4
6544
2
4
6545
0
9
6546
4
6
6547
1
3
6548
0
10
6549
0
1
6550
2
7
6551
0
7
6552
1
12
6553
2
13
6554
2
12
6555
3
3
6556
3
14
6557
4
1
6558
4
5
6559
2
13
6560
0
3
6561
2
8
6562
0
15
6563
4
4
6564
3
9
6565
3
2
6566
1
5
6567
1
4
6568
4
14
6569
1
4
6570
1
11
6571
4
2
6572
3
2
6573
0
7
6574
1
12
6575
4
6
6576
3
4
6577
1
4
6578
1
2
6579
2
0
6580
3
9
6581
3
10
6582
2
1
6583
2
9
6584
0
4
6585
0
8
6586
3
7
6587
2
0
6588
1
2
6589
2
12
6590
2
9
6591
1
2
6592
2
1
6593
3
10
6594
0
15
6595
0
2
6596
0
10
6597
0
4
6598
4
3
6599
1
8
6600
4
9
6601
1
13
6602
1
13
6603
3
1
6604
1
15
6605
4
10
6606
1
5
6607
3
2
6608
4
5
6609
2
3
6610
4
15
6611
2
14
6612
1
4
6613
4
5
6614
1
11
6615
1
10
6616
0
15
6617
0
9
6618
3
0
6619
2
8
6620
3
12
6621
1
15
6622
4
13
6623
2
3
6624
2
5
6625
1
1
6626
3
1
6627
0
5
6628
2
9
6629
0
13
6630
1
4
6631
4
11
6632
3
1
6633
3
8
6634
3
15
6635
1
12
6636
3
11
6637
1
15
6638
0
3
6639
3
0
6640
1
4
6641
3
11
6642
3
1
6643
2
9
6644
0
4
6645
4
5
6646
3
2
6647
1
8
6648
0
14
6649
4
5
6650
1
4
6651
3
2
6652
2
13
6653
3
13
6654
1
8
6655
2
8
6656
1
8
6657
1
12
6658
4
6
6659
2
8
6660
4
2
6661
3
4
6662
3
3
6663
0
14
6664
4
8
6665
3
13
6666
0
13
6667
2
0
6668
4
0
6669
0
11
6670
2
1
6671
0
13
6672
3
13
6673
4
10
6674
3
11
6675
0
3
6676
2
12
6677
3
12
6678
3
1
6679
1
12
6680
3
8
6681
3
0
6682
1
15
6683
1
10
6684
4
2
6685
2
5
6686
0
8
6687
1
13
6688
4
5
6689
4
5
6690
0
9
6691
3
14
6692
3
9
6693
0
5
6694
1
2
6695
3
8
6696
3
9
6697
3
14
6698
1
8
6699
0
10
6700
1
11
6701
4
6
6702
0
12
6703
3
10
6704
1
12
6705
0
4
6706
4
3
6707
0
13
6708
0
10
6709
3
5
6710
0
0
6711
0
10
6712
1
2
6713
1
6
6714
3
7
6715
1
1
6716
4
3
6717
0
1
6718
2
1
6719
1
4
6720
1
12
6721
1
4
6722
4
6
6723
1
3
6724
3
8
6725
4
1
6726
0
10
6727
1
2
6728
0
7
6729
0
2
6730
4
14
6731
2
12
6732
1
7
6733
3
15
6734
4
11
6735
1
5
6736
3
6
6737
2
11
6738
3
14
6739
3
7
6740
2
11
6741
2
7
6742
3
14
6743
4
2
6744
3
7
6745
0
9
6746
3
12
6747
4
14
6748
4
6
6749
0
7
6750
3
14
6751
2
15
6752
4
14
6753
1
4
6754
4
0
6755
3
6
6756
2
12
6757
4
2
6758
3
14
6759
1
15
6760
0
10
6761
2
13
6762
0
11
6763
4
11
6764
1
0
6765
0
12
6766
2
15
6767
2
14
6768
0
4
6769
0
4
6770
1
12
6771
0
1
6772
1
9
6773
1
11
6774
3
7
6775
4
5
6776
0
15
6777
1
2
6778
1
11
6779
2
14
6780
4
8
6781
3
2
6782
1
13
6783
3
5
6784
0
10
6785
0
9
6786
1
12
6787
4
9
6788
2
9
6789
2
8
6790
4
10
6791
4
1
6792
2
1
6793
1
0
6794
1
4
6795
0
0
6796
1
15
6797
3
7
6798
3
10
6799
1
3
6800
4
1
6801
4
11
6802
2
10
6803
4
6
6804
2
12
6805
2
8
6806
2
13
6807
0
1
6808
4
5
6809
3
7
6810
2
12
6811
3
2
6812
3
7
6813
0
2
6814
0
5
6815
2
1
6816
4
15
6817
4
5
6818
0
8
6819
1
4
6820
2
0
6821
1
14
6822
0
14
6823
4
14
6824
3
3
6825
0
6
6826
3
8
6827
0
14
6828
4
15
6829
1
10
6830
4
7
6831
0
14
6832
4
15
6833
1
2
6834
4
15
6835
2
11
6836
2
7
6837
1
2
6838
0
12
6839
3
13
6840
2
11
6841
2
6
6842
2
14
6843
4
9
6844
1
14
6845
0
15
6846
1
4
6847
1
0
6848
2
10
6849
0
5
6850
1
8
6851
3
3
6852
2
6
6853
0
8
6854
4
15
6855
4
8
6856
3
9
6857
2
9
6858
2
10
6859
3
5
6860
2
12
6861
4
10
6862
0
10
6863
2
1
6864
2
5
6865
1
7
6866
0
11
6867
2
6
6868
4
3
6869
4
13
6870
3
2
6871
1
3
6872
2
7
6873
2
1
6874
2
10
6875
1
6
6876
1
5
6877
1
15
6878
3
4
6879
0
14
6880
1
7
6881
0
5
6882
3
0
6883
3
3
6884
1
12
6885
1
15
6886
1
5
6887
4
12
6888
1
12
6889
3
10
6890
1
0
6891
2
5
6892
3
0
6893
4
10
6894
3
7
6895
2
13
6896
2
15
6897
4
2
6898
4
4
6899
1
14
6900
1
11
6901
0
10
6902
3
4
6903
4
15
6904
0
4
6905
4
7
6906
3
4
6907
0
2
6908
4
14
6909
4
9
6910
4
5
6911
2
8
6912
3
8
6913
1
8
6914
1
4
6915
0
0
6916
2
9
6917
0
14
6918
2
0
6919
3
7
6920
3
13
6921
4
11
6922
1
15
6923
0
9
6924
3
4
6925
3
2
6926
1
4
6927
0
11
6928
3
12
6929
0
4
6930
4
6
6931
2
7
6932
2
3
6933
2
0
6934
4
0
6935
3
5
6936
3
8
6937
0
14
6938
0
3
6939
3
7
6940
1
7
6941
3
0
6942
4
7
6943
1
15
6944
3
12
6945
3
15
6946
0
0
6947
3
14
6948
4
6
6949
0
0
6950
4
7
6951
2
2
6952
1
6
6953
3
4
6954
2
0
6955
3
15
6956
0
11
6957
1
6
6958
0
5
6959
0
6
6960
1
12
6961
3
14
6962
3
15
6963
2
8
6964
3
12
6965
1
4
6966
1
4
6967
1
6
6968
0
11
6969
1
8
6970
4
12
6971
4
15
6972
1
10
6973
1
1
6974
0
4
6975
3
0
6976
2
10
6977
1
9
6978
1
5
6979
3
5
6980
1
15
6981
3
6
6982
4
2
6983
0
3
6984
4
0
6985
1
3
6986
2
8
6987
1
6
6988
0
4
6989
2
7
6990
2
7
6991
1
15
6992
4
15
6993
2
15
6994
1
9
6995
1
15
6996
1
9
6997
3
6
6998
3
14
6999
2
8
7000
1
13
7001
1
4
7002
2
9
7003
1
10
7004
4
9
7005
2
2
7006
3
12
7007
2
4
7008
0
12
7009
1
11
7010
3
4
7011
1
9
7012
4
15
7013
3
1
7014
0
10
7015
1
10
7016
4
9
7017
3
15
7018
1
13
7019
2
15
7020
0
14
7021
4
0
7022
1
14
7023
1
13
7024
2
0
7025
1
7
7026
4
0
7027
4
13
7028
2
3
7029
0
7
7030
4
11
7031
3
13
7032
1
13
7033
3
4
7034
1
6
7035
1
11
7036
0
11
7037
2
13
7038
2
7
7039
2
8
7040
4
11
7041
0
13
7042
1
4
7043
1
14
7044
0
9
7045
3
9
7046
0
12
7047
2
9
7048
4
10
7049
3
10
7050
3
1
7051
3
11
7052
4
15
7053
3
3
7054
2
7
7055
3
3
7056
2
11
7057
2
5
7058
0
2
7059
0
15
7060
0
2
7061
2
8
7062
1
15
7063
0
14
7064
4
15
7065
0
8
7066
4
3
7067
1
9
7068
0
11
7069
0
5
7070
1
5
7071
0
12
7072
3
11
7073
4
0
7074
0
2
7075
0
3
7076
3
11
7077
3
2
7078
2
15
7079
2
14
7080
2
8
7081
4
7
7082
1
14
7083
2
14
7084
3
1
7085
3
11
7086
0
11
7087
2
13
7088
4
5
7089
2
7
7090
4
14
7091
4
8
7092
3
14
7093
1
2
7094
2
14
7095
0
6
7096
1
9
7097
0
3
7098
0
13
7099
2
3
7100
1
0
7101
2
13
7102
1
12
7103
3
6
7104
1
6
7105
0
15
7106
1
10
7107
3
11
7108
1
15
7109
3
11
7110
3
15
7111
0
1
7112
4
9
7113
2
5
7114
1
2
7115
1
12
7116
4
5
7117
1
7
7118
1
12
7119
1
0
7120
3
10
7121
1
9
7122
3
9
7123
3
12
7124
2
4
7125
4
9
7126
2
2
7127
1
14
7128
4
5
7129
1
13
7130
4
8
7131
4
15
7132
2
0
7133
3
10
7134
1
8
7135
3
10
7136
3
12
7137
4
2
7138
1
4
7139
2
14
7140
0
1
7141
2
13
7142
0
2
7143
2
11
7144
4
15
7145
2
2
7146
1
4
7147
4
8
7148
4
4
7149
2
10
7150
1
11
7151
1
9
7152
0
9
7153
0
0
7154
1
11
7155
2
14
7156
0
8
7157
4
6
7158
1
12
7159
3
1
7160
3
14
7161
3
15
7162
3
6
7163
3
8
7164
2
3
7165
2
3
7166
1
6
7167
3
13
7168
4
13
7169
2
6
7170
2
6
7171
2
9
7172
4
7
7173
4
9
7174
0
14
7175
4
7
7176
1
3
7177
0
7
7178
3
11
7179
2
1
7180
4
10
7181
1
0
7182
0
6
7183
3
0
7184
4
13
7185
3
11
7186
4
12
7187
3
7
7188
4
4
7189
3
2
7190
4
10
7191
1
1
7192
4
9
7193
4
15
7194
4
14
7195
1
9
7196
1
14
7197
4
14
7198
0
6
7199
1
10
7200
4
9
7201
3
13
7202
0
5
7203
3
1
7204
0
9
7205
4
4
7206
1
14
7207
3
4
7208
0
13
7209
2
13
7210
0
9
7211
2
9
7212
3
14
7213
0
8
7214
4
10
7215
2
5
7216
4
13
7217
2
11
7218
0
7
7219
3
0
7220
0
9
7221
4
15
7222
2
4
7223
2
15
7224
3
12
7225
1
5
7226
1
11
7227
1
3
7228
2
9
7229
0
3
7230
0
15
7231
2
9
7232
3
10
7233
0
2
7234
3
8
7235
1
6
7236
0
1
7237
2
3
7238
2
15
7239
0
7
7240
4
2
7241
3
7
7242
2
0
7243
4
15
7244
3
3
7245
2
6
7246
3
0
7247
0
7
7248
2
14
7249
3
12
7250
3
14
7251
2
3
7252
1
11
7253
2
13
7254
3
9
7255
2
12
7256
2
9
7257
4
13
7258
1
14
7259
0
10
7260
2
0
7261
4
7
7262
1
8
7263
4
10
7264
0
5
7265
2
14
7266
4
4
7267
0
11
7268
1
9
7269
4
12
7270
0
5
7271
3
1
7272
4
3
7273
0
15
7274
2
3
7275
2
5
7276
3
1
7277
0
3
7278
0
10
7279
1
5
7280
0
4
7281
0
2
7282
0
6
7283
4
3
7284
0
4
7285
4
11
7286
1
12
7287
3
15
7288
1
0
7289
2
4
7290
2
11
7291
1
11
7292
0
3
7293
4
12
7294
2
4
7295
3
10
7296
1
3
7297
2
14
7298
0
3
7299
0
9
7300
0
13
7301
1
7
7302
4
9
7303
3
9
7304
4
15
7305
1
10
7306
0
12
7307
3
0
7308
0
7
7309
4
14
7310
3
11
7311
1
7
7312
2
9
7313
4
4
7314
0
15
7315
1
8
7316
1
14
7317
3
15
7318
3
8
7319
1
15
7320
3
5
7321
1
11
7322
3
5
7323
0
13
7324
4
4
7325
0
15
7326
4
0
7327
0
12
7328
2
15
7329
0
15
7330
0
3
7331
4
15
7332
1
12
7333
4
3
7334
2
1
7335
3
2
7336
1
12
7337
1
9
7338
0
15
7339
4
1
7340
2
4
7341
1
5
7342
3
0
7343
2
4
7344
1
0
7345
2
15
7346
0
1
7347
2
1
7348
0
11
7349
4
7
7350
4
11
7351
4
8
7352
1
4
7353
0
10
7354
2
14
7355
4
14
7356
0
14
7357
1
0
7358
3
12
7359
1
8
7360
0
0
7361
2
4
7362
0
5
7363
0
12
7364
3
2
7365
4
9
7366
4
7
7367
2
2
7368
4
1
7369
2
9
7370
3
15
7371
3
10
7372
3
6
7373
2
3
7374
0
14
7375
0
11
7376
2
10
7377
1
4
7378
3
12
7379
1
9
7380
1
5
7381
3
12
7382
1
2
7383
2
13
7384
0
7
7385
1
13
7386
4
10
7387
3
8
7388
3
11
7389
2
2
7390
3
8
7391
1
2
7392
1
15
7393
2
10
7394
1
14
7395
4
5
7396
4
5
7397
1
0
7398
2
12
7399
2
14
7400
0
3
7401
4
11
7402
2
6
7403
1
10
7404
0
7
7405
4
14
7406
0
10
7407
2
0
7408
2
5
7409
3
3
7410
3
5
7411
1
4
7412
3
2
7413
4
7
7414
0
3
7415
0
8
7416
3
12
7417
2
1
7418
1
12
7419
2
9
7420
4
10
7421
0
2
7422
3
10
7423
4
14
7424
3
15
7425
1
14
7426
2
0
7427
3
2
7428
0
4
7429
1
9
7430
0
4
7431
4
12
7432
3
12
7433
3
3
7434
0
15
7435
1
0
7436
0
10
7437
1
1
7438
0
4
7439
1
9
7440
3
6
7441
2
4
7442
2
13
7443
1
13
7444
4
10
7445
0
0
7446
1
11
7447
2
5
7448
0
6
7449
4
12
7450
2
11
7451
1
4
7452
4
9
7453
4
12
7454
4
13
7455
2
10
7456
1
4
7457
3
10
7458
0
13
7459
4
14
7460
3
14
7461
0
13
7462
0
15
7463
0
7
7464
1
2
7465
1
7
7466
3
10
7467
2
15
7468
0
13
7469
4
0
7470
1
0
7471
2
5
7472
2
9
7473
1
15
7474
2
7
7475
4
5
7476
1
3
7477
3
8
7478
2
2
7479
1
2
7480
0
1
7481
0
12
7482
4
2
7483
0
14
7484
0
11
7485
1
0
7486
2
14
7487
0
9
7488
2
6
7489
1
8
7490
3
13
7491
4
14
7492
1
15
7493
3
8
7494
2
1
7495
4
6
7496
3
12
7497
3
10
7498
1
15
7499
2
2
7500
4
6
7501
1
13
7502
4
6
7503
4
8
7504
0
5
7505
0
13
7506
0
8
7507
1
9
7508
2
13
7509
2
11
7510
4
12
7511
2
8
7512
3
1
7513
2
10
7514
0
7
7515
0
12
7516
1
8
7517
2
15
7518
0
0
7519
2
10
7520
0
3
7521
3
6
7522
3
1
7523
1
12
7524
1
6
7525
4
2
7526
3
2
7527
2
9
7528
0
15
7529
1
1
7530
0
7
7531
0
0
7532
2
15
7533
4
11
7534
2
10
7535
0
7
7536
2
1
7537
1
13
7538
0
3
7539
4
15
7540
1
12
7541
4
5
7542
0
8
7543
0
5
7544
2
9
7545
0
6
7546
3
1
7547
3
1
7548
3
15
7549
3
5
7550
4
15
7551
0
1
7552
2
15
7553
2
8
7554
4
13
7555
2
1
7556
0
7
7557
3
15
7558
1
12
7559
3
14
7560
1
2
7561
1
8
7562
2
3
7563
0
13
7564
0
7
7565
2
5
7566
1
2
7567
1
8
7568
2
15
7569
1
14
7570
0
1
7571
0
0
7572
0
15
7573
0
10
7574
3
11
7575
1
2
7576
0
11
7577
0
0
7578
4
3
